-0.0069915 -0.2227839 1.1330072
-2.1801620 2.0690579 5.3225613
-0.1381555 -0.2446288 1.1095048
0.1923637 -0.1196357 0.8540724
0.1129051 -0.1763986 1.0321417
-0.4750073 -0.1685590 1.4715599
-0.4932228 -0.0625936 1.1850090
-0.2459489 -0.2017522 0.9568338
-0.1679418 -0.2145362 0.9010363
-0.1630828 -0.0894301 0.4208310
0.1872318 -0.1302776 0.8016832
-0.5019319 -0.5490598 5.3448257
-0.2226386 -0.1231309 0.7736823
-0.3084321 -0.1580916 0.4691797
-0.0488227 0.0352500 0.7957342
0.1363306 -0.1418757 0.5649016
-0.1431976 -0.1662877 0.7213842
-0.4861088 -0.1313185 0.6318141
-2.5365293 1.2307873 10.7136440
-0.8282924 0.3716199 3.5256159
-0.3219184 -0.1491737 0.7171012
-0.3060843 -0.0652936 1.1790161
-0.2356376 -0.0520337 0.8638807
-0.2377792 -0.1332844 0.8660189
0.0286780 -0.1059399 0.6966503
0.0252553 -0.1253593 0.8040846
-0.2972826 0.3608434 1.1020837
-0.1121993 -0.2771629 1.2310659
-1.4277802 1.2732143 6.4990077
-0.3182480 -0.1677418 0.4988633
-0.3091006 -0.1561192 0.9882876
-0.0144793 -0.2006246 0.8726817
0.1465867 -0.1254861 0.5369727
0.2060961 -0.1365818 0.8351510
-0.0243931 -0.0672943 0.9018672
0.0428147 -0.3503866 0.9512169
-0.1772474 -0.0934191 1.1609668
-0.5967016 -0.2563398 3.5137165
-0.4434467 -0.0438704 0.7980906
-0.4698192 -0.0385104 0.7053273
-0.5572494 -0.1389216 0.6844120
-0.2773618 -0.0737094 0.9992853
-0.2828350 -0.0724832 0.9434224
-0.0110202 -0.0847516 0.8904080
-0.4081612 -0.0500004 1.0473932
0.0963866 -0.0506409 0.7845279
0.0552495 -0.1765077 0.7471113
-0.2814875 -0.1273866 0.8768460
-0.1138617 -0.1597333 0.7956917
0.1188332 -0.0986939 0.7327045
0.0393972 -0.1425309 0.6838072
0.0432156 -0.2404860 1.1680020
-0.3926739 -0.1418541 0.7138705
0.1423741 -0.1307828 0.5589680
-0.3216009 -0.1905999 0.4732584
0.0549938 -0.1528394 0.7503995
0.0001338 -0.1726797 0.7314662
0.0663775 -0.0588373 3.5126815
-0.4576809 0.0111328 0.9836420
-0.7220452 0.0793183 0.8470871
-0.7726319 0.0862311 1.1309408
0.0255786 -0.1834737 0.4233213
0.0441128 -0.0962073 0.8041368
-0.4391173 -0.1022392 0.4993893
0.1805007 -0.1662117 0.3281717
-0.2875187 -0.1761720 0.4144481
-0.0349901 -0.0891103 0.3796815
-0.3744205 -0.1970943 0.4628690
-0.4511278 -0.0484583 0.6743027
-0.3770072 -0.1360186 0.6577261
-0.4860684 -0.0903734 0.5515018
-0.1893438 -0.2544664 0.4669371
-0.0362514 -0.1008794 0.4698314
-0.4578845 -0.0495343 0.6100751
-0.5192453 -0.0445138 0.5793219
-0.2015463 -0.2710436 0.5003181
0.1181101 -0.2409364 0.5414631
0.0697384 -0.2662225 0.6177148
0.0381663 -0.2121646 0.4915304
-0.3590243 -0.1281299 0.6459687
-0.4349466 -0.0383251 0.6551501
0.1856776 -0.1907895 0.7704115
0.1663827 -0.1541181 0.3018851
0.0494497 -0.2955583 0.7460855
-0.2965863 -0.1569021 0.4621487
-0.4175926 -0.1958676 0.4450340
0.1145141 -0.2158992 0.4780761
-0.2800937 -0.1717591 0.4038967
0.0436942 -0.2244574 0.5220933
-0.3774852 -0.1993647 0.4638105
0.1618647 -0.1669272 0.6841049
0.1399489 -0.1104995 0.8467332
-0.0078578 -0.2281281 1.0169586
-0.4631668 -0.1355814 0.5985320
-0.3452992 -0.0221772 0.6536232
-0.2560185 -0.1373431 0.6545928
-0.3474930 -0.1633325 0.7857187
-0.2635806 -0.1399775 0.4034071
-0.2892878 -0.1628655 0.4508520
-0.5019563 -0.0817593 0.7101135
-0.4932381 -0.1368043 0.6603537
0.0213655 -0.1841391 0.5076326
-0.5103947 -0.1182854 0.5693998
-0.5067784 -0.0940491 0.5999671
0.0351850 -0.2392789 0.6457180
-0.0750373 -0.1307626 0.5793415
-0.5861016 -0.1452411 0.6977989
0.1273514 -0.0752930 0.2689436
-0.2860962 -0.0040425 0.6071029
-0.4980433 -0.1233797 0.5854328
-0.2796709 -0.1315197 0.4079118
-0.5040161 -0.0526377 0.6727768
0.0611719 0.2636242 0.6663812
-0.0083952 0.0197149 0.0932036
0.1440563 -0.1300719 0.5623286
-0.2062137 -0.1128834 0.3265509
-0.5318170 -0.0559642 0.7856540
0.0246318 0.3881993 0.3205241
0.1694774 0.3152570 0.3119945
-0.0611563 0.0256365 0.2381577
0.1334187 -0.1298213 0.2541570
0.1259052 -0.3327824 0.7653614
0.2018258 -0.1366450 0.8643071
0.0756935 0.1873767 0.2273414
0.2050307 -0.1506794 0.8135291
-0.0689536 0.0931626 0.2947532
0.0763094 -0.1940225 0.4375370
-0.0705830 -0.1145246 0.5905861
-0.3956600 -0.2312751 0.6645294
0.0231195 -0.0604772 0.2927898
-0.0388578 0.0363644 0.3929764
0.0456075 0.1361763 0.2298753
-0.1472538 0.1331828 0.3183757
0.0359937 0.1246476 0.2209210
-0.0094460 -0.0118521 0.1059905
-0.0073870 -0.0238777 0.0717732
0.1049713 -0.1456825 0.3061103
-0.3943300 -0.1203796 0.5929853
-0.0284720 -0.0084706 0.1158780
-0.4452776 -0.0269630 0.7347364
-0.2646193 0.3771991 0.3209935
-0.1453884 0.2091883 0.2843562
-0.1744657 0.2525165 0.2854668
0.0028883 -0.0013868 0.3611330
-0.1742115 -0.1347067 0.6412823
0.0266545 -0.2001232 0.4520283
-0.3598847 -0.0009146 0.7272757
-0.3884954 -0.2212113 0.6021559
0.1412639 -0.1670139 0.3470221
-0.0992632 0.1045853 0.2417303
0.0376613 0.3781588 0.3324331
-0.1472403 0.2132003 0.2405589
-0.0566265 0.0628566 0.2558393
-0.3118045 -0.1495375 0.4707130
0.2576456 -0.3064522 0.6596364
-0.0917412 0.1187534 0.1765314
0.1147986 -0.2311800 0.5193208
-0.2431331 -0.1245702 0.3609607
-0.1874764 -0.0135824 0.3275837
-0.0563757 -0.0819936 0.3550504
0.0959626 -0.1338518 0.5490358
-0.0199343 0.0156258 0.0836686
-0.3599370 -0.0507046 0.6565310
-0.1688356 -0.1017836 0.2361852
-0.3940768 -0.1033174 0.4883298
-0.3627290 -0.2120228 0.5454210
-0.0287524 0.0151113 0.0795188
0.1569115 -0.0945107 0.3304203
-0.5199741 -0.2466713 0.7544681
-0.0459747 0.2485213 0.2702994
0.0545039 -0.1127852 0.4627979
-0.3383803 -0.1032020 0.4635517
-0.0085272 -0.0271566 0.0751383
-0.0876320 -0.1930207 0.8560740
-0.6256970 -0.0551555 0.9551762
0.0476979 0.0991102 0.2187454
-0.0503204 0.0317394 0.2101428
-0.0379164 0.1846345 0.2513340
-0.2640837 -0.1461418 0.3351619
-0.2812437 -0.0713266 1.0206491
0.0478521 -0.2165813 0.4997192
0.0431987 0.1599957 0.2266624
0.0502396 0.1395180 0.2369045
-0.1997470 0.1798726 0.2856941
0.0414147 0.1499897 0.2518401
-0.0146513 0.0176445 0.3916056
-0.3677571 -0.1339213 0.6446731
-0.0089864 0.1230825 0.3041427
-0.1552983 0.2222749 0.7173222
-0.0138718 -0.0077600 0.0416011
0.1217485 -0.2515806 0.5644296
0.1088452 -0.0982429 0.4229100
-0.3413227 -0.1658653 0.4990959
0.1592171 -0.0949228 0.3304933
0.0237843 -0.0470919 0.4077842
0.0326907 0.1324466 0.2292440
-0.3509947 -0.1420705 0.7010626
-0.3608004 -0.1164303 0.5647443
-0.2074956 0.1787156 0.2389464
0.0279522 0.0868168 0.2316997
-0.4117476 -0.0828389 0.4827909
-0.1346782 0.1221614 0.2625611
0.0170141 0.1201424 0.3090230
-0.0128444 -0.0102260 0.0216025
0.1559912 -0.1752239 0.3653411
-0.4544918 -0.1369681 0.6228667
-0.0483407 0.0561947 0.2186292
-0.2097219 0.2118428 0.2390390
-0.1426943 0.1698426 0.2511396
-0.6911119 -0.3997847 1.1417133
-0.4158569 -0.0945763 0.6864651
-0.1800911 0.1648607 0.1700941
-0.0429667 0.0782754 0.2064600
-0.1894218 -0.0447279 0.5857494
0.0442202 0.1358197 0.2285183
-0.0326365 0.0326818 0.0888514
-0.0135384 -0.0118186 0.0535930
-0.3960352 -0.1089299 0.5276399
-0.0039057 0.1990361 0.2481208
-0.0171262 0.0049826 0.0687030
-0.4416153 -0.2477911 0.7199646
0.0312261 -0.2074148 0.5142415
-0.2225556 0.2559258 0.2178415
-0.0109607 0.1058070 0.2532289
-0.3018421 -0.1496292 0.7175523
-0.0496942 0.1036623 0.1698876
0.0615652 0.1244958 0.2241905
-0.0561547 0.0211239 0.2196217
-0.5532101 -0.0950075 0.6201695
-0.2542546 0.4153064 0.4142844
-0.0163317 0.0035641 0.1638340
0.0348731 0.1155588 0.2296616
-0.0496138 0.2206016 0.2561133
-0.0340254 -0.0432337 0.1963789
-0.1105388 0.1142714 0.2813050
-0.1351171 0.1280104 0.2626605
-0.0867600 0.0798026 0.2214305
-0.0580716 0.2310516 0.2651305
0.1621803 -0.1353938 0.2570881
-0.0402870 0.0922436 0.2191570
0.0279927 0.1181329 0.2534947
-0.1469734 0.1476080 0.2370722
-0.0309840 0.2220321 0.2670524
-0.0832534 -0.1256416 0.6041849
-0.1264427 0.1884557 0.2892188
-0.1251180 -0.0452470 0.3640037
0.0216174 -0.1704878 0.4890963
-0.3336011 0.3659500 3.8131435
-0.1432857 0.4122497 2.4067593
-0.5190266 -0.0927431 0.6238382
-0.0351713 0.0984170 0.2494711
0.0121266 0.0825571 0.6538845
0.0739227 0.1469306 0.2368774
-0.0202053 0.2031476 0.2630355
-0.2022806 0.1874743 0.2382917
-0.3805260 -0.0964258 0.6055275
-0.0096904 0.0962070 0.2150470
0.0567112 0.1758827 0.2644862
-0.2124151 0.1837574 0.2451601
-0.0317374 0.1705483 0.2196078
-0.0128238 0.0571119 0.2065284
-0.0228160 0.0249237 0.2018542
-0.2375972 0.2722413 2.7308443
-0.1017020 0.1086728 0.2116098
0.2928948 -0.1449334 0.5859402
0.0270784 -0.1507038 0.4419191
-0.5509309 -0.1225947 0.5891651
-0.0027005 -0.0205564 0.0592383
-0.0416934 0.0862604 0.3568573
0.0713437 -0.1634422 0.3632870
0.0011707 -0.0606119 0.4570528
0.0350655 0.1422578 0.2481660
-0.0495687 -0.1937425 0.8657249
-0.0123528 0.1907483 0.2464520
-0.1511686 0.1480991 0.2346424
0.1486867 -0.1827383 0.3760709
0.1420130 -0.1926003 0.4188702
0.0638314 -0.1883718 0.4291578
-0.0951469 0.2217134 0.2808115
-0.4701214 -0.0243992 0.6922784
-0.0601042 -0.0244157 0.1423131
-0.0078235 0.0276871 0.1839536
0.0457713 0.1301210 0.2558071
0.1439698 -0.1379782 0.5374771
-0.1377710 -0.1555943 0.6710081
-0.4029804 -0.1999663 0.6154048
-0.0027265 -0.0207667 0.0572020
-0.0034852 -0.0207556 0.0571346
-0.0162642 -0.0263808 0.0752078
-0.4351901 -0.1331396 0.6568065
0.0935145 -0.1538364 0.8828519
-0.0688113 0.0568482 0.2844945
-0.0357358 0.2362039 0.2612496
-0.0280518 0.2108707 0.2600862
-0.2286922 0.2363949 0.2144314
0.0704689 0.3144565 0.3586346
-0.1337495 -0.0749928 0.2128997
-0.1894277 -0.1144161 0.2671341
0.0076226 -0.1309568 0.3469624
-0.0310633 -0.0052126 0.0918163
0.0114465 0.1953897 0.2598251
0.1135269 -0.2662465 1.1309429
0.1139785 0.2890757 0.2817829
-0.1019177 0.1165891 0.2331217
-0.1151294 0.1585875 0.2290047
-0.1335825 -0.0693081 0.4967540
-0.0042476 0.1614778 0.2539463
-0.1739971 0.1548752 0.2538283
-0.0141937 0.0197948 0.2392084
0.0014042 0.0420179 0.3503636
0.0122928 -0.1109871 0.7705100
0.1024268 -0.0674962 0.7832884
0.0095349 -0.0890505 0.6155267
-0.0653583 -0.0755968 0.3240136
-0.0992920 0.1144736 0.2288840
-0.3909225 0.0392086 0.4590243
-0.4098973 -0.0228977 0.8281512
-0.1340755 0.1236833 0.2618417
0.1559552 -0.1363939 0.2636969
-0.0135124 0.0969350 0.3117266
0.0840843 0.2714252 0.6873533
-0.0920427 0.1112604 0.2421880
-0.2092610 0.1909187 0.3002630
-0.0001220 0.2236696 0.2634787
-0.1028901 0.1074991 0.2794132
0.1245506 -0.1019866 0.7607799
0.0329443 0.1725522 0.2706459
-0.1336447 0.1811146 0.2514793
-0.5309650 -0.1020223 0.6219689
0.0008667 0.0623439 0.2154527
0.0374331 0.1944685 0.2828989
-0.5226405 -0.0970650 0.5955254
0.0184485 -0.1246046 0.5223576
0.0256997 0.0688156 0.1953963
0.0605703 0.1704749 0.1944648
0.0157869 0.1233212 0.2444357
0.1019970 0.2569861 0.2578422
-0.2115265 0.2770772 0.2481374
0.1096071 0.2930998 0.2872745
0.3119545 0.5586194 0.6733083
-0.0147942 0.1437562 0.2329873
-0.0622351 0.0852545 0.2623051
-0.1879363 0.1889471 0.2328779
-0.0417771 0.0086720 0.1895381
-0.1628637 -0.0855392 0.4002142
-0.1290642 -0.1371724 1.3211837
-0.1020064 0.1298192 2.8792291
-0.0098254 0.1017146 0.2336442
-0.0080485 0.1231235 0.2548763
-0.2288529 0.2207640 0.2086487
-0.1603750 0.1583958 0.2680506
0.0110766 0.0400270 0.1125687
-0.0589046 0.1264925 0.2590352
0.0388968 0.1118781 0.2047319
-0.0338442 0.0613403 0.2973022
-0.1120018 0.1267531 0.2437518
0.0086513 -0.1050426 0.4539786
0.0184506 0.1403688 0.2603084
0.0490552 0.1470487 0.2069659
-0.0091403 0.0141448 0.1623552
0.2161454 -0.1813315 0.8365865
0.1912747 -0.1346316 0.7823387
-0.0907105 0.1184739 0.2626851
-0.1707388 0.1751688 0.2202890
0.1773159 -0.1240109 0.7229385
-0.4483943 -0.1281862 0.6177244
-0.3537378 -0.1071549 0.4749711
-0.0029113 -0.0188520 0.0628330
-0.0310426 -0.0079611 0.1293350
-0.1475251 -0.0539944 0.4326494
0.0408656 0.0845573 0.1862215
-0.0231895 0.0139654 0.1919480
-0.0240844 0.0318540 0.2309787
0.0446525 0.1529659 0.2501053
-0.1382080 0.1385136 0.2214441
0.3568377 -0.1057133 0.6399931
-0.1238605 0.1645124 0.2350741
0.0597434 -0.1699702 0.3824299
-0.1803220 0.1844645 0.2200141
0.0411449 0.1352326 0.2259069
-0.1479207 0.1599488 0.2567230
0.0354077 0.1171787 0.2310827
-0.0153551 -0.0040801 0.0205196
0.0078777 -0.0835439 0.3538243
-0.2110666 -0.0858796 0.4093798
-0.0062146 0.1827067 0.4148982
-1.0363445 -0.1017381 4.4942980
-0.1140609 0.1294221 0.2463929
-0.0063244 0.0133292 0.1678620
0.0009894 -0.0136077 0.2682145
-0.0401367 0.0021087 0.1600323
-0.0138629 0.1102631 0.3525141
0.0360461 0.0915794 0.2202812
0.0591271 0.1885781 0.2530145
-0.3383149 0.5128129 4.1622334
-0.2210812 -0.2215376 2.2710834
0.3143222 -0.2000415 1.4352959
-0.2103624 0.1814359 0.2436237
-0.0192248 0.1881427 0.2485414
-0.2141972 0.3313025 0.3446942
-0.0261555 0.2256374 0.2794571
-0.0196603 -0.0164175 0.0608027
-0.0207548 -0.0038454 0.0811336
-0.1290208 -0.0003493 0.5206848
-0.1565085 0.1561841 0.2343536
0.0084412 -0.0495111 0.3613582
-0.1126224 0.1112753 0.2462156
-0.1713615 0.1488653 0.2601611
-0.0307169 0.2200863 0.2647263
-0.0385277 0.2427108 0.2811053
-0.0351985 0.1015647 0.2586039
-0.0177361 -0.0776729 1.0156161
0.0011130 0.0364310 0.3515439
0.0464531 0.1155678 0.2071240
-0.1778719 0.1536291 0.2742345
-0.3074919 -0.0376808 0.7623255
-0.1354962 -0.0737052 0.2052505
0.0293321 0.0911142 0.2385664
-0.0160431 0.0136684 0.3049373
-0.0706982 0.0875088 0.2708091
0.0420632 0.2498360 0.6512326
0.0242405 -0.1140825 0.7444056
-0.0077715 0.2099856 0.2614282
0.2061616 -0.0742615 0.3816781
-0.0624638 0.0682712 0.2298874
-0.0596046 0.2357360 0.2684867
0.0673010 0.3060970 0.3511445
-0.1102487 0.1169770 0.2363819
-0.0001990 0.3383998 0.3003452
-0.2890061 0.3448340 0.2642737
0.1250034 -0.0525000 0.2378100
-0.0015094 0.2180485 0.2606073
0.0188813 0.0720321 0.2158519
0.0059621 0.0952942 0.2235522
-0.0404367 -0.0356672 0.4608269
-0.0351507 -0.0070399 0.1501642
-0.0897019 0.2097648 0.2694118
-0.2095762 0.1948619 0.2458190
-0.0076894 -0.0077632 0.1628501
-0.1900673 0.1673488 0.2914702
-0.0225994 -0.0529827 0.2360741
-0.0846670 -0.1200556 0.5102379
-0.0822661 0.1948083 0.2532970
-0.1650730 0.2103135 0.2374367
0.1272998 -0.0585706 0.2471318
0.0108377 -0.1637393 0.6980872
-0.2425344 -0.0085838 0.5953191
-0.1458372 0.1233307 0.2692530
-0.2591153 0.3846785 0.3494070
-0.4172311 0.0365385 0.5361953
0.0276202 -0.0731710 0.2958715
0.0018554 -0.0070997 0.2434164
-0.1573758 -0.0034330 0.2530676
0.0173389 0.1309020 0.2557867
-0.1735496 0.1733640 0.2371357
0.0129218 -0.1519932 0.4352718
0.1033055 -0.0597684 0.8594325
0.0057757 -0.0259325 0.1108835
-0.0352156 0.2245561 0.2529514
-0.0836729 0.1066236 0.2442866
-0.2132002 0.1858868 0.2341027
0.1424897 -0.0968238 0.7371379
-0.1734497 0.1896924 0.2064528
-0.0056240 0.0254474 0.1989514
0.1067787 -0.1638025 0.6784389
0.0345482 -0.1049110 0.4389934
-0.0149850 -0.0059811 0.0593104
-0.0146347 -0.0124424 0.0623571
0.0743710 -0.1647276 0.3642019
-0.0542099 0.0330729 0.2169170
-0.1327493 0.1785561 0.2650173
0.0166957 -0.1492063 0.4214503
-0.1314398 0.1762335 0.2333962
-0.0460205 0.0538602 0.2114158
-0.0868833 -0.0658000 0.3099855
0.0412966 0.0968457 0.1883919
-0.1339853 0.1278608 0.1650817
0.0665081 0.2641131 0.6655622
-0.0499758 0.2209205 0.2567449
0.0017104 0.2259276 0.2658084
-0.2374627 0.2280402 0.2117010
-0.0088542 0.1158787 0.2675079
-0.0308939 0.0864460 0.2290494
0.0415915 0.3978479 0.3454519
0.0393231 -0.1886724 0.5810331
-0.3598944 -0.0980096 0.4275649
0.0017116 -0.0111375 0.2781251
0.0059065 0.0126777 0.2871775
0.0625758 0.1768386 0.2334208
-0.0065153 0.0124450 0.1646156
-0.0455610 0.0262836 0.1868500
-0.0358302 0.1923375 0.2281083
0.0070336 0.1830349 0.2511190
-0.2189830 0.3235288 0.3259299
-0.1315822 0.1139973 0.2754607
-0.1197108 0.1252009 0.2508747
-0.0130393 0.1122396 0.2421652
-0.1033722 0.1053667 0.2476393
-0.0102398 0.0723549 0.1882832
-0.2116692 -0.1011040 0.2971613
-0.0035050 -0.0225503 0.0625778
-0.1306666 0.1326246 0.2226386
-0.0238806 0.0402408 0.1997587
-0.0314074 0.0931755 0.2433662
-0.0225947 0.0395418 0.2449805
-0.0518104 0.0065821 0.1982938
-0.2933563 -0.0208317 0.7254393
-0.5260710 0.0144735 1.1568877
-0.1521766 -0.0178352 0.3845834
0.0671961 0.1863628 0.2266412
-0.0141565 0.0149749 0.1973751
0.0369993 0.1077364 0.2290755
-0.1405420 0.1591562 0.2478775
-0.0108097 0.0731208 0.2201136
-0.0069718 0.0728336 0.2919137
-0.0093964 0.1532080 0.3981889
-0.1355165 0.1596743 0.2410842
0.0310131 0.1386081 0.2556222
0.0816250 0.2069161 0.2423710
-0.0143376 0.2101605 0.2675091
0.0282892 -0.1323409 0.3846448
-0.1635191 0.1688118 0.2148413
-0.1150319 -0.0692844 0.1970451
0.0265216 0.0989169 0.2141229
-0.0299959 0.2551727 0.2756884
0.0937245 0.2587510 0.2818430
-0.1466822 0.1256255 0.2599070
0.0511806 0.1527420 0.2224851
-0.1046439 0.0942898 0.2481542
0.0637332 0.1285733 0.2404327
0.0731637 0.1456080 0.2346192
-0.0058983 0.1679918 0.2176203
-0.1237736 0.1547574 0.2184836
-0.1766018 0.1524143 0.2728463
-0.2366708 0.2217274 0.2111326
-0.0428118 0.2403612 0.2690402
-0.1985742 0.3049576 0.3250374
-0.0149020 0.1408467 0.2299503
-0.1928538 0.2697735 0.2481268
0.0217057 0.0985934 0.2251022
0.1027580 -0.1106531 0.2221410
-0.3315073 -0.0381116 0.8129844
-0.1157902 0.1176677 0.2724154
-0.1418707 0.1683068 0.2549014
-0.0343292 0.0316572 0.3403687
-0.0814942 -0.0964419 0.4107585
0.0755562 0.3359389 0.3796169
-0.2400914 0.2303908 0.2147990
-0.0052262 0.0741360 0.2256036
-0.1556959 -0.0645169 0.4484540
-0.0109609 -0.1861619 0.8464586
-0.1364198 0.1707800 0.2370007
-0.1989596 0.2401596 0.2466524
-0.1101562 0.4948980 0.3784257
-0.1396049 0.1407579 0.2492196
-0.0139496 -0.0072313 0.0131762
-0.1964951 -0.0064547 0.4075937
0.0460702 0.1251597 0.2051949
0.0099418 -0.0976230 0.3958504
0.0514572 0.1516933 0.3799601
-0.0421336 0.1005646 0.2353419
0.0479376 0.1112917 0.2547870
0.0213280 0.1282874 0.3389593
0.1963536 -0.1778438 0.7074425
-0.1640638 0.1417157 0.2771170
-0.0236815 0.1156479 0.2351733
-0.0001500 0.1605919 0.2275372
-0.1924346 0.1906928 0.2346059
0.0242140 0.1172984 0.2633144
-0.1473090 -0.0557791 0.2519615
-0.1504139 0.1510952 0.2277875
-0.0465146 0.2113888 0.2474746
-0.1779993 0.2571754 0.2706832
-0.0126577 0.1062617 0.2327056
0.0242974 0.2490605 0.2733628
-0.0268365 0.2438887 0.2680901
0.1261964 -0.0869028 0.6705529
0.0158774 0.0700935 0.2148197
-0.0028595 -0.0208514 0.0590354
-0.0079768 -0.0213597 0.0512253
-0.0087826 -0.0170545 0.0535601
-0.0476991 0.0628142 0.2904677
-0.0206872 0.0400962 0.2011030
-0.0158489 0.0963315 0.2064346
0.0260963 0.0980718 0.2580399
0.0252130 0.1028578 0.2748863
-0.0091443 0.1004892 0.2287599
-0.0319323 0.2257307 0.2550216
0.0395909 0.0898262 0.2329234
-0.1206714 0.1344949 0.2437389
-0.1759621 0.1771028 0.2261971
-0.0501248 0.2315642 0.2651719
-0.0149294 0.1488579 0.4594258
-0.0109424 0.0264305 0.2958063
-0.0122643 0.0712180 0.2671042
-0.0076329 0.0425695 0.1395403
-0.2738067 0.2795077 0.2411253
0.0674276 0.2188797 0.2919182
0.0394529 0.1218053 0.2397516
0.0058574 0.0821929 0.1793953
-0.0199800 -0.0180392 0.0873278
-0.0094726 0.1226200 0.2928605
-0.0229781 -0.0242705 0.1202908
0.0996151 0.2276114 0.2441935
0.0533961 0.1084684 0.2262596
0.0984886 0.2535867 0.2560333
0.0485853 0.1420434 0.2032640
-0.0216408 0.0390079 0.2320318
-0.0588135 0.2335377 0.2667399
-0.0148600 -0.0043603 0.0736575
-0.0320695 0.0344429 0.0903503
-0.1616953 0.1589942 0.2101469
-0.1151804 0.1300634 0.2560607
0.0613874 0.1718900 0.2683804
-0.0793321 0.0707809 0.2066029
-0.1173303 0.1587202 0.2337586
0.0657159 0.2960718 0.3377689
0.0221023 0.2335301 0.2902640
-0.0149216 0.1989552 0.2573940
-0.1588306 0.1560838 0.2645479
-0.0184983 0.1902600 0.2493244
-0.0093291 -0.0113778 0.1171534
0.0658499 -0.0534656 0.3102565
-0.1177966 -0.0703546 0.1872826
0.0060350 -0.0300660 0.1242304
-0.0570241 0.0234405 0.2222472
0.0655719 0.2627043 0.2874657
-0.0153870 0.2031835 0.2617806
-0.0083984 0.1270367 0.2755600
-0.0404404 0.0958296 0.2247745
-0.0125062 0.0700092 0.2546152
-0.0012567 -0.0194507 0.0512428
0.0125985 0.0086856 0.5323601
-0.0270481 0.2186857 0.2696192
-0.0427913 0.1826475 0.2504632
-0.1065695 0.1499284 0.2485430
0.0824897 -0.1113173 0.4527816
0.0241472 -0.0330067 0.1415017
-0.1952380 0.1976863 0.2400454
-0.0371603 -0.1372183 0.6119047
-0.1032422 -0.0559721 0.1609366
-0.0324946 0.0436001 0.3393073
-0.0165514 -0.0073080 0.0647437
-0.2195155 0.2091435 0.2203808
-0.0098954 0.0918784 0.2371581
-0.1137605 0.1327355 0.2162378
-0.1266667 0.1688848 0.2398176
-0.1558948 0.1407318 0.2444910
0.0612852 0.1237169 0.2336500
-0.0091773 -0.0141001 0.0381351
-0.2138628 0.2087243 0.1993944
0.0658648 0.1951016 0.2483010
-0.0855239 -0.0449233 0.1275861
-0.0737988 -0.0100572 0.1450374
-0.0450664 0.1832723 0.2551812
-0.1903991 -0.0209569 0.3966499
-0.1520504 -0.0056691 0.3600887
0.0289395 -0.2087051 0.5901215
0.1989894 -0.1767277 0.7292486
-0.1104480 -0.0157780 0.1954894
-0.0718739 -0.0099423 0.1210612
-0.2477068 -0.0343822 0.4980868
-0.0041870 0.0817530 0.2256444
-0.1599473 0.1996392 0.2181873
0.0295827 0.1899244 0.2749511
-0.2211623 0.0196288 0.3157260
0.0084010 0.0032149 0.3874251
-0.0209633 0.0542212 0.1900191
-0.2241102 0.2466488 0.2455893
-0.0316601 0.0244391 0.1244008
-0.2114251 0.0185653 0.3013663
-0.1587307 0.1888238 0.2213192
-0.1882106 0.2045906 0.2103785
-0.0328441 0.0456123 0.1805149
-0.0055248 0.2222958 0.2577009
-0.0151791 0.0927948 0.2007133
-0.0280863 0.2204086 0.2493154
-0.0372285 0.2304503 0.2698012
-0.0041843 -0.0170253 0.0450761
-0.0299993 0.0461399 0.1496528
-0.1209066 0.1235979 0.2510540
0.0541520 0.1536905 0.1957655
-0.0341900 0.0849227 0.2006558
-0.2020589 0.1778037 0.2182883
-0.0602602 0.2524653 0.2819920
-0.0431838 0.1942036 0.2546280
-0.0101015 0.1064359 0.2645723
-0.2215417 0.2594167 0.2162068
0.0575479 0.1704607 0.2090140
-0.1975271 0.1979868 0.2283780
-0.1105974 0.1104727 0.2615227
0.1123801 0.2351602 0.2490384
-0.0057093 0.0691657 0.2143499
-0.1649839 0.1629855 0.2270938
0.0065352 0.4024127 0.3408240
0.0528701 0.1137143 0.1733413
-0.1204350 0.1030444 0.2585279
-0.0272549 0.2682281 0.2883950
-0.3553118 0.6519629 0.5607162
0.0507783 0.1711286 0.2352619
-0.0210406 0.0349926 0.2247540
-0.0335849 0.0958215 0.2439874
0.0372162 0.1057280 0.2326206
-0.0763884 0.0958237 0.1352922
0.0722957 0.3233853 0.3640665
-0.0556018 0.0590117 0.2070846
-0.0116855 0.0321507 0.1607604
-0.0210029 0.0397822 0.2365241
-0.0228942 0.0268605 0.2103826
-0.0158566 0.0037777 0.0685850
-0.0844368 0.0653899 0.3442293
-0.0220159 0.0339772 0.2217340
-0.2214201 0.2264493 0.3086162
-0.0126455 0.0501421 0.1999399
-0.0255580 0.0245293 0.0864988
-0.1448228 0.1335529 0.1972263
-0.1499530 0.1745485 0.2625596
-0.0105589 0.0712001 0.2177696
-0.0012380 0.1053434 0.2476793
-0.1484891 0.1783486 0.2327928
-0.0113289 0.0703487 0.2017256
0.0015721 0.0751768 0.2085178
-0.1700500 0.2488952 0.2810839
-0.2377853 0.2156337 0.2085354
-0.0634073 0.1514648 0.2301926
-0.0623058 0.1705813 0.2386235
-0.0042192 0.1986689 0.2595141
-0.0124708 0.0897770 0.1987017
0.1181885 0.2246229 0.2611329
-0.0540956 -0.0331460 0.1777655
-0.0349731 -0.0213368 0.1258983
0.0651868 0.1340661 0.3128175
-0.0364482 0.0594709 0.2103572
-0.0684464 0.1561809 0.2154636
-0.1299374 0.1580703 0.2359440
-0.2059955 0.2147516 0.2221002
-0.1239756 0.1365196 0.2273389
0.0404574 0.1615911 0.2388217
-0.0307439 0.0327009 0.0905410
0.0277711 0.3117167 0.3076960
-0.0098758 0.2209795 0.2542378
-0.0149794 0.1593068 0.2525261
-0.1673747 0.1704668 0.2618464
-0.1019953 0.4542865 0.3552788
-0.1382395 0.1749600 0.2387628
-0.2475351 0.3506199 0.3023407
0.0469593 0.0975239 0.2280384
0.0482183 0.1498870 0.2480897
0.0540567 0.1557771 0.2001189
-0.1150627 0.0958276 0.2258013
-0.0026403 -0.0182726 0.0480933
0.0200044 0.0999999 0.2377772
0.0381939 0.1654498 0.2023974
-0.1066380 0.1139454 0.2753091
0.0386182 0.1079871 0.2363440
-0.1904387 0.2303290 0.2400776
0.0446182 0.1527897 0.2499741
0.0182388 0.0949487 0.2297513
-0.3086004 0.3296498 0.3039963
-0.1701060 0.1830390 0.2254995
-0.1679244 0.2053118 0.2281582
-0.1089271 0.1135109 0.2581209
-0.0462780 0.0537238 0.2112901
0.0267292 0.1136691 0.2426576
-0.1271758 0.1067768 0.2444983
-0.2815512 0.3382474 0.2595390
-0.0198656 0.1985119 0.2591334
-0.0473225 0.0458382 0.2123088
-0.1499362 0.1262384 0.2568973
-0.2066012 0.2307635 0.2020302
-0.1183830 0.1142928 0.1915968
0.1103687 0.2742156 0.3562510
-0.0263380 0.0258355 0.0873487
-0.0907507 0.0927899 0.2560987
-0.0157814 -0.0194925 0.0555316
-0.2067230 0.1874330 0.2439542
0.0095444 0.0893682 0.2291131
0.0290323 0.1335418 0.2473540
-0.0023091 0.3251828 0.2927803
0.0380609 0.1087866 0.2310952
-0.0218459 0.0372492 0.1738751
-0.2329982 0.2287782 0.2695694
-0.0115241 0.3402363 0.2996480
-0.1077733 0.1171874 0.2826231
-0.0106780 0.0791713 0.2399250
-0.2844197 0.2805766 0.2427557
-0.0234410 0.3387875 0.2867776
-0.0074636 0.0365379 0.1981724
-0.1574591 0.1980911 0.2169388
-0.0939264 0.0969109 0.2735957
0.0428959 0.0978323 0.2449974
-0.0213277 0.2858652 0.2467451
-0.0021556 -0.0211302 0.0608404
-0.0039546 -0.0195091 0.0667329
-0.0849119 0.0886172 0.2384188
-0.0088786 0.2289857 0.2599876
-0.1482803 0.0656512 0.2053250
0.0214681 0.0917524 0.2397007
-0.0785923 0.3362859 0.2818595
-0.1006555 0.1138389 0.2250552
-0.1127715 0.1082055 0.2311177
-0.2402125 0.3133485 0.3025413
0.0390140 0.1946545 0.2940568
0.0847081 0.1887803 0.2429249
-0.0262460 0.0137437 0.1208702
-0.1841495 0.1832029 0.2282623
-0.0104429 0.0213119 0.1407999
0.0142467 0.0749033 0.1350820
0.1012424 0.2290038 0.2426385
-0.0044169 -0.0185788 0.0729791
-0.0471067 0.2226673 0.2574301
-0.1753429 0.1922687 0.2023385
0.0657076 0.1311796 0.2237362
0.0344509 0.1291163 0.2379812
0.0351169 0.3704722 0.3263213
-0.0242656 0.3110984 0.2610173
0.0244023 0.1885878 0.2974925
0.0212625 0.2167311 0.2719820
-0.0187874 0.0630907 0.2161092
0.0392760 0.1091737 0.2381618
0.0216507 0.1053590 0.2465786
0.0326834 0.1359955 0.2329257
-0.1757228 0.1942131 0.2025099
0.1163917 0.2798967 0.2767848
0.0207196 0.0761768 0.2227607
-0.0538252 0.0668671 0.2345290
-0.0103756 0.0909624 0.2354733
-0.0022414 -0.0198084 0.0617811
-0.0052790 -0.0218990 0.0717108
-0.0096798 -0.0091931 0.1026787
-0.0203988 0.0240739 0.1092384
-0.0144988 0.0870372 0.1923987
0.1316151 0.2430654 0.2595154
0.0539175 0.1573543 0.2247127
-0.0299433 0.0490959 0.2544602
-0.2030444 0.1986461 0.1921809
-0.0116630 -0.0123596 0.0847784
-0.0261884 -0.0067469 0.1009890
-0.2475697 0.2331018 0.2877498
-0.0395262 -0.0021207 0.1587587
-0.0613220 -0.0186676 0.1248771
-0.0324775 -0.0051441 0.1277143
-0.0156858 0.0241278 0.2157170
-0.0026508 -0.0207071 0.0575899
-0.0056200 -0.0233863 0.0654198
-0.0017967 -0.0204819 0.0665060
-0.0149199 -0.0273265 0.0784695
-0.0052893 -0.0229596 0.0641648
-0.0028321 -0.0204707 0.0569267
-0.0030655 -0.0214183 0.0597260
-0.0028463 -0.0192164 0.0636675
-0.0019545 -0.0203050 0.0656283
-0.0232413 -0.0157545 0.0624662
-0.0093564 -0.0183048 0.0511564
0.0766673 0.1504304 0.2413764
-0.1244618 0.1267377 0.1586250
-0.0030795 -0.0210025 0.0580573
-0.0333937 -0.0247292 0.0968366
-0.0454181 -0.0276911 0.1455115
-0.0230292 -0.0258441 0.0765972
0.0189377 0.1651819 0.2661283
-0.0464333 0.0332678 0.1971050
-0.0935439 0.1589441 0.2941222
-0.0022613 -0.0215275 0.0973053
-0.0079332 -0.0230160 0.0650276
-0.0090241 -0.0098685 0.1177151
-0.0361206 -0.0214602 0.1292999
-0.0495279 -0.0195439 0.1194656
-0.0579587 -0.0180855 0.1199128
0.0626865 0.2543935 0.2787054
-0.0185706 0.0384926 0.1507379
0.0538020 0.1094458 0.2224840
-0.1627896 0.1595857 0.2460261
-0.0036065 -0.0174648 0.0464248
-0.0179703 -0.0218131 0.0619605
-0.0039538 -0.0172411 0.0454741
-0.0098576 0.0205003 0.1422978
-0.0205300 -0.0174771 0.0704348
-0.0075789 -0.0238156 0.0702457
-0.0030258 -0.0191812 0.0616406
-0.0030512 -0.0197071 0.0674793
-0.0105662 -0.0118058 0.0402662
-0.0090345 -0.0250622 0.0708837
0.0363255 0.0817506 0.1971580
0.1242224 0.2608861 0.3052445
0.0024661 0.0814583 0.2197336
-0.1126999 0.1119495 0.2473679
-0.0173161 -0.0261320 0.0731821
-0.0289419 -0.0309963 0.0958989
-0.0020560 -0.0200836 0.0626444
-0.0231967 -0.0257537 0.0761465
-0.1753837 0.1721647 0.2614773
-0.0044794 0.0029416 0.1806501
-0.0119239 -0.0234139 0.0663191
-0.0026825 -0.0191900 0.0640002
-0.0026079 -0.0193007 0.0643936
-0.0182499 -0.0254860 0.0725077
-0.0144947 0.0075145 0.1215606
-0.0059570 -0.0227194 0.0733878
-0.0270945 -0.0288742 0.0853003
-0.0016732 -0.0208434 0.0713208
0.0456317 0.1041043 0.2515634
-0.0142961 -0.0128586 0.0428956
-0.0147662 -0.0048421 0.0719617
-0.0212463 -0.0248957 0.0717753
-0.0617447 0.0723291 0.1887882
-0.0415436 -0.0020601 0.1644117
-0.1261321 0.1852551 0.2176661
-0.0988067 0.1027290 0.2397921
-0.1474489 0.1469990 0.2539314
-0.0520506 0.0060900 0.1999438
-0.0091274 0.0247036 0.1166893
-0.0202494 0.0923747 0.2021200
0.0087434 0.0903099 0.2651255
-0.0434218 0.0144632 0.1777531
-0.0265895 -0.0251639 0.0904915
-0.0054419 0.0029329 0.1649651
-0.1703590 0.1493434 0.2958407
-0.1422508 0.1385745 0.2275058
0.0400789 0.1183426 0.2418385
-0.0182034 -0.0021485 0.0709767
-0.0009797 -0.0195954 0.0512420
-0.0273806 -0.0275502 0.0914715
-0.0028868 -0.0251459 0.0686666
-0.0437669 0.0102882 0.1973770
-0.0394875 -0.0052427 0.1662171
-0.0024957 -0.0210686 0.0587653
-0.0026902 -0.0195225 0.0626600
-0.0200093 -0.0250443 0.0733204
-0.0023355 -0.0199186 0.0641043
-0.0075438 -0.0085814 0.1313704
-0.0040691 -0.0216452 0.0604302
-0.0048046 -0.0222559 0.0620883
-0.0027136 -0.0195048 0.0624789
-0.0402877 -0.0273209 0.0791851
-0.0070212 -0.0240559 0.0679857
-0.0186449 -0.0260290 0.0737891
-0.0026121 -0.0196447 0.0630311
-0.0032646 -0.0211971 0.0586292
-0.0023350 -0.0197688 0.0614648
-0.0029936 -0.0205998 0.0583836
-0.0013992 -0.0205856 0.0701509
-0.0452350 -0.0285783 0.1465465
-0.0372160 -0.0215915 0.1327230
-0.0536553 -0.0162217 0.1182866
-0.0057158 -0.0204109 0.0579230
-0.0057466 0.0052113 0.1687360
-0.1288252 0.1364465 0.3907995
-0.3118338 -0.1836444 0.4910690
-0.4269530 -0.2516892 0.6574990
-0.7416900 0.0648629 3.0351400
0.0215492 -0.0559115 1.9082140
-0.3694508 -0.2318477 0.5398145
-0.4758767 -0.1432518 0.7217339
-0.3949820 -0.1475914 0.7316427
0.0674071 -0.2482403 0.5735388
-0.3869791 -0.1098281 0.6615539
-0.0301313 0.0142772 0.1211043
-0.0045691 -0.0178478 0.0744341
-0.1292658 -0.0937694 0.4915697
-0.0186040 -0.0166883 0.0899498
-0.0056347 -0.0227085 0.0712920
-0.0420144 0.0136108 0.1647060
-0.0434103 0.0139945 0.1684189
-0.0074154 -0.0244858 0.0689593
-0.0097736 -0.0242568 0.0692007
-0.0121562 -0.0111239 0.1049934
-0.0382520 -0.0149446 0.0949335
-0.0032308 0.0058212 0.2105585
-0.4040184 -0.1186696 0.5763654
-0.0235082 0.0460007 0.2280112
0.0130009 0.0025771 0.5422618
-0.0025091 0.0473289 0.3200306
-0.0270208 -0.0206832 0.0933733
-0.0096197 -0.0258296 0.0731993
-0.3438292 -0.1152304 0.5922332
0.0376508 -0.1425645 0.3216478
-0.0033738 0.0218568 0.2004084
-0.4684659 -0.0534860 0.6294535
-0.0233243 0.0194771 0.2023123
-0.4323097 -0.1373612 0.6174173
-0.0180540 0.0088579 0.1016603
-0.0202092 -0.0109610 0.0753406
-0.0173810 -0.0124340 0.1160413
-0.0144232 -0.0202433 0.0900812
-0.0271302 -0.0256070 0.0959338
-0.0295625 -0.0262696 0.0920388
-0.0177567 -0.0263712 0.0827007
-0.0140519 -0.0275971 0.0790675
0.0474949 -0.2384278 0.5836946
-0.0327868 -0.0108115 0.1401055
-0.0112728 -0.0143573 0.1850839
-0.0736447 0.0805406 0.2506725
-0.0328627 -0.0185385 0.0663871
-0.0194329 -0.0140161 0.1653687
-0.0130766 -0.0003995 0.1709791
-0.0079376 -0.0105289 0.1496530
-0.0048900 -0.0030106 0.1547653
-0.0522322 -0.0025511 0.2027307
-0.0004086 -0.0163688 0.3501052
-0.2528645 -0.1632463 0.3631763
-0.0250701 0.0178166 0.2173338
-0.0027485 0.0058842 0.2094678
-0.0079073 -0.0097238 0.1485880
-0.0201414 0.2717019 2.4104893
-0.0125602 -0.0198120 0.0897520
-0.0091267 0.0134409 0.1426835
-0.1189732 0.0799541 0.4823036
-0.0206859 0.0113454 0.1673923
-0.0623669 0.0289492 0.2415085
-0.1233031 0.1106941 0.2450369
-0.3546813 -0.1914862 0.5733088
-0.1651912 -0.0196740 0.2385085
-0.0454184 0.0932560 0.3806976
-0.0125856 -0.0269432 0.0776545
-0.0191947 -0.0226917 0.0965020
-0.0178025 -0.0167847 0.0976077
-0.0079852 -0.0250017 0.0704322
-0.0554173 0.0418689 0.2303299
-0.0965814 0.1099033 0.3036309
-0.1262471 0.1376837 0.2496888
-0.0598218 -0.0462469 0.7035031
-0.0554379 -0.0177358 0.0769067
-0.0076273 0.0094424 0.1458185
-0.0446736 -0.0085483 0.1817410
-0.0196727 -0.0043517 0.0741251
-0.0179994 -0.0081177 0.0519916
-0.0145840 -0.0215948 0.2997435
-0.0106376 -0.0104106 0.1263841
-0.0136349 0.0110330 0.1777685
-0.0057452 0.0050181 0.1681642
-0.0427705 -0.0074759 0.1758943
-0.0064291 0.0127809 0.1732375
-0.4311513 -0.2562846 0.6112718
-0.0042839 0.0221709 0.2180109
-0.0164201 0.0035744 0.0972467
-0.0378748 -0.0151679 0.0923121
-0.0524494 -0.0190248 0.0764187
-0.0599435 -0.0336858 0.1926159
-0.0250823 -0.0108402 0.1081762
-0.0110147 -0.0123219 0.1276880
-0.0170895 -0.0209458 0.0853851
-0.0087561 0.0103507 0.1094435
-0.0422239 -0.0174876 0.0878669
-0.0231629 -0.0250477 0.0794431
-0.0887448 0.0724325 0.3752678
-0.0225723 0.0259421 0.2052298
-0.0176991 0.0005833 0.1033638
-0.0549992 -0.0133921 0.0973919
-0.0529254 -0.0142849 0.1008485
-0.3120054 -0.0769085 0.4865505
-0.2435402 -0.0594191 0.3810174
-0.0135271 0.0064517 0.1823087
-0.0306251 0.0160086 0.1921599
-0.0478594 -0.0032067 0.1861309
-0.0062003 0.0488265 0.2439400
-0.0072981 -0.0067083 0.1594219
-0.0737930 0.0883810 0.2525140
-0.0109034 -0.0040098 0.0861377
-0.0263882 0.0541198 0.2662759
-0.1321970 0.1100779 0.2331141
-0.0374587 0.0185896 0.2080568
-0.0253465 0.0188299 0.2186691
-0.0113475 0.0577970 0.1840448
-0.0197499 -0.0321689 0.0927330
-0.0395797 -0.0029172 0.1384722
-0.0488103 -0.0209543 0.0739934
-0.0235163 -0.0210293 0.0782112
-0.0423935 -0.0237319 0.0752792
-0.0546326 -0.0246046 0.0809288
-0.0395942 -0.0182833 0.0798103
-0.0750755 0.0743559 0.3244769
-0.1192981 0.1420469 0.2563945
-0.0083855 0.0282480 0.1671750
-0.1294704 0.1517257 0.6096373
-0.0050236 0.0490309 0.2584183
-0.0195921 -0.0113152 0.0837700
-0.0248126 -0.0105113 0.0935007
-0.0909185 0.1015886 0.3015681
-0.1283549 0.1214540 0.3009155
-0.0460562 -0.0033589 0.1794147
-0.0034878 0.0247775 0.2206220
-0.0309403 -0.0067194 0.1069427
-0.1273926 0.1378090 0.2879630
-0.0118941 -0.0109022 0.1052015
-0.0331602 -0.0259795 0.1005367
-0.0287924 0.0068418 0.1455405
-0.0499863 -0.0228605 0.0861601
-0.0178462 -0.0107488 0.0691332
-0.0648095 0.0802247 0.2046816
-0.0069860 -0.0066440 0.1544954
-0.0909484 -0.0462992 0.1341201
-0.0734871 0.0100730 0.2709024
-0.0841253 0.0910796 0.2690005
-0.0381930 -0.0260706 0.0837515
-0.0206526 -0.0290437 0.0841608
-0.0082938 -0.0223262 0.0748387
-0.0238663 -0.0297625 0.0929135
-0.0103671 -0.0249538 0.0771629
-0.0134856 -0.0275121 0.0789188
-0.0068599 -0.0205243 0.0573816
-0.0522036 -0.0190961 0.0782598
-0.0327918 -0.0201408 0.0966185
-0.0174809 -0.0051295 0.0861913
-0.0176611 0.0022778 0.1023883
-0.0165666 0.0038106 0.1019791
-0.0101440 -0.0051005 0.0993779
-0.0167448 0.0036520 0.1016754
-0.0101599 0.0033338 0.0926457
0.0288460 0.1045311 0.2740158
-0.1037942 0.1125073 0.2472861
-0.0107789 -0.0231842 0.0737857
-0.0300108 -0.0249366 0.0950787
-0.0188010 -0.0000314 0.1056882
-0.0114629 0.0166354 0.1050511
-0.0132445 -0.0266642 0.0800787
-0.0485968 -0.0239388 0.0734282
-0.0567224 -0.0262249 0.0826650
-0.0598836 -0.0318929 0.0785722
0.0269815 0.1076696 0.2867123
-0.1491920 -0.0705014 0.4431539
-0.0848850 0.1135952 0.3663883
-0.0165900 -0.0040206 0.0874865
-0.0146920 -0.0044763 0.0955739
-0.0129536 -0.0194120 0.0884957
-0.0430171 0.0255767 0.1674352
-0.1318898 0.1219585 0.2524047
-0.0275742 0.0166704 0.1113689
-0.0405590 -0.0213049 0.0835510
-0.0115868 0.0112077 0.0952057
-0.0355313 0.0074631 0.1288014
-0.0585521 -0.0132757 0.0854550
-0.0090635 0.0078246 0.1008435
-0.0279379 -0.0206377 0.0986566
-0.1442749 0.1402681 0.2438070
-0.0158650 0.0065887 0.0894193
-0.0711882 -0.0097341 0.0786186
-0.0590449 -0.0061488 0.2394638
-0.0104287 0.0006688 0.0949279
-0.0097946 -0.0005046 0.0971170
-0.0100412 -0.0010434 0.0976004
-0.0116788 0.0104786 0.0919330
-0.0285156 0.0820218 0.3047476
-0.0804342 0.0830513 0.2516595
-0.0596677 0.0234162 0.0694060
-0.0105614 0.0101176 0.0991059
-0.0162503 0.0058973 0.0940445
-0.0454161 -0.0121978 0.0839782
-0.1702809 0.0819673 0.1206644
-0.0175119 -0.0050526 0.0806934
-0.0141882 -0.0202219 0.0887190
-0.0060411 -0.0194020 0.0775961
-0.0257205 0.0036934 0.1149866
-0.0159858 0.0091754 0.0962365
-0.0180347 0.0046168 0.0943284
-0.0550096 0.0047164 0.2089832
-0.0502800 -0.0219054 0.0766783
-0.0521528 -0.0190891 0.0794095
-0.0822679 0.0016294 0.0826085
-0.0855474 0.0004499 0.0834394
-0.0512174 -0.0222464 0.0760783
-0.0514796 -0.0224795 0.0781350
-0.0816245 -0.0037166 0.0811865
-0.0200070 0.0097560 0.1927895
-0.0848549 0.0869735 0.2524101
-0.0801713 -0.0005008 0.0714620
-0.0346875 -0.0076935 0.0498095
0.0099162 0.0665758 0.2096809
-0.0294057 -0.0301698 0.0898841
-0.0579250 -0.0143788 0.0675675
-0.1212399 0.0508585 0.0971048
-0.0160139 0.0067447 0.1054796
-0.0195401 -0.0092177 0.0561369
-0.0353227 -0.0159495 0.0757667
-0.0023457 -0.0010467 0.2123289
-0.1115621 0.1074654 0.2201526
0.0229581 0.1131941 0.3007131
-0.0329810 0.0263968 0.2047453
-0.0233654 -0.0280271 0.0832627
-0.0606214 -0.0122794 0.0730323
-0.0037287 -0.0198220 0.0674385
-0.0269746 0.0628541 0.2854720
-0.0140863 -0.0000663 0.1047549
-0.0174389 -0.0169148 0.0866639
-0.0177672 -0.0124951 0.0892456
-0.0697750 -0.0111527 0.0830112
-0.0157148 -0.0119995 0.0921548
-0.0118949 -0.0105910 0.1063688
-0.0163069 -0.0221378 0.0892504
-0.0151408 -0.0064080 0.0983735
-0.0440066 -0.0172971 0.0859164
-0.0251346 -0.0266191 0.0847895
-0.0239537 0.0471963 0.2336879
-0.0070471 -0.0242984 0.0683661
-0.0131506 -0.0269443 0.0813388
-0.0177233 -0.0162758 0.0989507
-0.0059210 -0.0195525 0.0783194
-0.0084550 -0.0251174 0.0710438
-0.0174424 -0.0140134 0.0779246
-0.0713237 -0.0097889 0.0841191
-0.0687308 -0.0115949 0.0779404
-0.0217189 -0.0171188 0.0821776
-0.0404182 0.0251244 0.0962933
-0.0379353 0.0221693 0.0956367
-0.0336641 -0.0211568 0.1014444
-0.0493389 -0.0198308 0.0837238
-0.0675305 -0.0116395 0.0768691
-0.0114574 0.0118006 0.0939967
-0.0549730 0.0243907 0.2294150
-0.0181307 -0.0126680 0.0985039
-0.0539302 -0.0176910 0.0926567
-0.0172481 0.0018145 0.0957819
-0.0104546 -0.0246600 0.0753013
-0.0308499 0.0240779 0.1269606
-0.0438008 -0.0170798 0.0855685
-0.0161580 0.0063377 0.0960259
-0.0256717 0.0087437 0.0853515
-0.0460505 -0.0185873 0.0895961
-0.0166280 0.0040171 0.0986606
-0.0395195 0.0493664 0.1762343
-0.0542335 -0.0183919 0.0743815
-0.0322236 -0.0206820 0.0979290
-0.0341069 -0.0231769 0.0763044
-0.0789427 0.0305604 0.1201886
-0.0422497 -0.0287848 0.0904592
-0.0226013 -0.0086409 0.0682143
-0.0235442 0.0582619 0.2356044
-0.0090106 -0.0258559 0.0729037
-0.0081539 -0.0238847 0.0733226
-0.0167680 -0.0180368 0.0736964
-0.0558580 0.0507950 0.1827490
-0.0241934 -0.0080844 0.0739364
-0.0473184 -0.0260746 0.0819233
-0.0232864 -0.0000701 0.0988957
-0.0103011 0.0030455 0.0914017
-0.0535266 -0.0206054 0.0744518
-0.0557080 -0.0183897 0.0749452
-0.0510885 -0.0189768 0.0745548
-0.0683886 -0.0115695 0.0768268
-0.0549124 -0.0188288 0.0752597
-0.0226883 -0.0189980 0.1234744
-0.0191259 -0.0176423 0.1077401
-0.1183794 0.1085037 0.2734735
-0.0464245 -0.0208902 0.0716819
-0.0246917 -0.0292123 0.0868440
-0.0373894 -0.0179000 0.1015233
-0.0531247 -0.0225046 0.0776593
-0.0124127 -0.0041857 0.0916912
-0.0123810 -0.0003791 0.1039425
-0.0069762 -0.0240346 0.0712323
-0.0188409 -0.0133719 0.1068945
-0.0179695 0.0000898 0.0971138
-0.0174569 -0.0072694 0.0739133
-0.0194631 -0.0172370 0.0927214
-0.0690789 -0.0383462 0.0971197
-0.0587443 -0.0130143 0.0997391
-0.0286521 -0.0216375 0.1005578
-0.0161229 0.0071516 0.0979631
-0.0438091 -0.0177183 0.0907250
-0.0618977 0.0464360 0.1279436
-0.0498375 -0.0123549 0.0867401
-0.0343760 0.0062778 0.1235611
-0.0207289 -0.0241580 0.1064735
-0.0388742 -0.0220763 0.0822587
-0.0280350 0.0102549 0.0872487
-0.0153350 -0.0032954 0.0827826
-0.0669839 -0.0116211 0.0762416
-0.0754117 -0.0022037 0.0768233
-0.0039219 -0.0233548 0.0645910
-0.0091000 -0.0155312 0.0466613
-0.0269477 0.0672447 0.2655583
-0.0131880 -0.0116699 0.0401651
-0.0509205 -0.0057808 0.0650039
-0.0409172 -0.0092127 0.0565661
-0.0473623 -0.0065060 0.0629495
-0.0387777 -0.0084505 0.0582930
-0.0258135 -0.0263973 0.0891689
-0.0393775 -0.0235780 0.0822372
-0.0212867 -0.0163438 0.0697811
-0.0360469 -0.0191150 0.0914044
-0.0030647 -0.0195214 0.0668426
-0.0060513 -0.0193581 0.0773916
-0.0169173 0.0038749 0.1028573
-0.0196793 -0.0171443 0.0971463
-0.0129864 -0.0114615 0.1377563
-0.0307176 -0.0205876 0.0693895
-0.0557302 -0.0235857 0.0802332
-0.0319668 0.1035450 0.3656557
-0.0167528 -0.0157018 0.0973543
-0.0239499 -0.0163667 0.0826409
-0.0767334 -0.0062231 0.0792691
-0.0932660 0.0401123 0.1374445
-0.0888005 0.0023705 0.0876417
-0.0500816 -0.0190791 0.0802184
-0.0820638 0.0327296 0.1239792
-0.0116428 0.0113059 0.0949889
-0.0225840 -0.0120843 0.1025628
-0.0449786 -0.0128599 0.0892421
-0.0101737 -0.0054398 0.1016774
-0.0146764 -0.0011995 0.1054782
-0.0149425 -0.0045839 0.1108983
-0.0192547 0.0079489 0.1040997
-0.0183829 0.0057210 0.1016454
-0.0165818 -0.0351281 0.0999049
-0.0188399 0.0009497 0.1084837
-0.0144147 -0.0123225 0.1001017
-0.0134693 0.0054598 0.0962691
-0.0403889 -0.0217667 0.0838200
-0.0185063 -0.0130598 0.0961942
-0.0190939 -0.0210158 0.0901047
-0.0145304 -0.0049802 0.0987309
-0.0752711 -0.0081258 0.0800278
-0.0301905 0.0031094 0.1047416
-0.0684431 -0.0136421 0.0948656
-0.0169450 -0.0117973 0.1040176
-0.0481225 0.0611015 0.2150371
-0.0387076 -0.0239494 0.0825672
-0.0290839 -0.0297222 0.0890099
-0.0303755 -0.0286337 0.0868396
-0.0151576 -0.0216230 0.0898361
-0.0082227 -0.0223988 0.0764066
-0.0113085 0.0105460 0.0960117
-0.0381042 -0.0263532 0.0836559
-0.0535973 -0.0187260 0.0737836
-0.0444697 0.0308260 0.1102222
-0.0594251 -0.0130319 0.1014551
-0.0262300 -0.0141422 0.0995298
-0.0373048 -0.0188831 0.0974093
-0.0165902 -0.0227039 0.0918084
-0.0328081 0.0155731 0.1261503
-0.0274778 0.0163219 0.1105758
-0.0315104 -0.0085253 0.1165738
-0.0116639 -0.0234022 0.1027001
-0.0624167 -0.0201290 0.0582097
-0.0602322 -0.0215285 0.0816442
-0.0344201 -0.0158777 0.0696929
-0.0507263 -0.0154333 0.0866555
-0.0234781 -0.0130498 0.0832660
-0.0354230 -0.0170966 0.0911480
-0.0276981 0.0095024 0.0856618
-0.0689357 -0.0085853 0.0721017
-0.1820478 0.0896650 0.1247972
-0.0587326 -0.0213792 0.0722128
-0.0231883 0.0000862 0.0778895
-0.0262616 0.0137752 0.1003381
-0.0326605 0.0180990 0.1317296
-0.0420239 -0.0218704 0.0763933
-0.0084552 -0.0253248 0.0711746
-0.0193840 -0.0002497 0.1096367
-0.0431244 -0.0219178 0.0876343
-0.0174388 -0.0296362 0.0939665
-0.0190924 -0.0155985 0.0828172
-0.0149397 -0.0131093 0.1139981
-0.0191609 -0.0303763 0.0875346
-0.0387872 -0.0268541 0.0846379
-0.0539727 -0.0139121 0.0663036
-0.0911104 0.0024537 0.0887294
-0.0671915 -0.0119768 0.0798568
-0.0198166 -0.0116657 0.0932252
-0.0264424 -0.0103554 0.1102026
-0.0546373 -0.0170962 0.0675317
-0.0447359 -0.0224956 0.0798295
-0.0092147 -0.0261845 0.0736919
-0.0269499 -0.0299088 0.0915461
-0.0148221 0.0080986 0.1375578
-0.0372523 -0.0155216 0.0895025
-0.0410545 -0.0173965 0.0949199
-0.0663362 -0.0121411 0.0741656
-0.0695555 -0.0099727 0.0746214
-0.0833776 -0.0015866 0.0807778
-0.0586940 -0.0149572 0.0826445
-0.0164611 0.0001806 0.0782162
-0.0456955 -0.0077444 0.1859275
-0.0457868 0.0004824 0.1602453
-0.0510400 -0.0257026 0.0758229
-0.0362633 -0.0238833 0.0729229
-0.0466921 -0.0260193 0.0727440
-0.0330810 -0.0233912 0.0756789
-0.0158422 -0.0239170 0.0708027
-0.0190478 -0.0178460 0.0992679
-0.0336939 -0.0123578 0.0720484
-0.0271008 0.0145629 0.1073487
-0.0518817 -0.0192895 0.0750856
-0.0546688 -0.0181552 0.0748554
-0.0102796 0.0042810 0.0920206
-0.0258392 -0.0285568 0.0916263
-0.0172100 -0.0288091 0.0831353
-0.0439911 -0.0194447 0.0867779
-0.0581998 0.0437188 0.1488408
-0.0176988 -0.0123221 0.0863448
-0.0179569 -0.0117438 0.0755012
-0.0561664 -0.0139786 0.0777760
-0.0193503 -0.0112370 0.0878170
-0.0343861 0.0196607 0.0946327
-0.0180829 0.0012473 0.1021333
-0.0317326 -0.0124649 0.1695051
-0.0115615 -0.0096418 0.0918503
-0.0645318 -0.0346957 0.0829065
-0.0449729 -0.0067071 0.0614879
-0.0446528 -0.0070872 0.0607645
-0.0420297 -0.0076898 0.0594327
-0.0740047 -0.0071691 0.0590078
-0.0494565 -0.0195613 0.0837029
-0.0227466 -0.0132227 0.0834097
-0.0451447 -0.0194232 0.0838821
-0.0687811 -0.0067114 0.0686627
-0.0406504 -0.0131030 0.0817958
-0.0129678 -0.0198357 0.0891867
-0.0468190 -0.0210293 0.1137565
-0.0105862 -0.0213573 0.0848785
-0.0522930 -0.0191966 0.0747345
-0.0701829 -0.0095724 0.0779300
-0.0557013 -0.0129151 0.0814382
-0.0652448 -0.0232662 0.0767503
-0.0220008 -0.0119802 0.0743053
-0.0735344 -0.0075525 0.0758727
-0.0165176 -0.0172987 0.0703064
-0.0593070 -0.0159184 0.0787396
-0.0292660 -0.0220581 0.0871429
-0.0076774 -0.0240647 0.0720713
-0.0115307 -0.0262758 0.0752743
-0.0364416 0.0235528 0.1158756
-0.0103560 -0.0120223 0.1355949
-0.0238670 0.0014753 0.0697935
-0.0426576 -0.0238752 0.0761932
-0.0147703 -0.0215051 0.0886362
-0.0249759 0.0127457 0.0968069
-0.0353068 -0.0094818 0.0454724
-0.0218037 -0.0110957 0.0518524
-0.0796533 0.0000291 0.0796389
-0.0370119 -0.0076462 0.0516242
-0.0167655 -0.0103933 0.0476338
-0.0425337 -0.0187485 0.0833737
-0.0279177 -0.0246565 0.0865402
-0.0134749 0.0052950 0.1126950
-0.0204710 0.0357879 0.1882762
-0.0411188 -0.0169921 0.0979781
-0.0542490 -0.0170078 0.0673556
-0.0184287 0.0067318 0.0961891
-0.0140199 -0.0327529 0.0927958
-0.0196373 -0.0214423 0.0925590
-0.0143922 -0.0206633 0.0939444
-0.0548572 -0.0212261 0.0757789
-0.0587413 -0.0159373 0.0783671
-0.0587411 -0.0157102 0.0781940
-0.0569095 -0.0264902 0.0804880
-0.0819313 -0.0053357 0.0806952
-0.0285790 -0.0287616 0.0952672
-0.0529033 -0.0197898 0.0817117
-0.0228480 -0.0144684 0.1992300
-0.0511287 -0.0141758 0.0648416
-0.0537272 -0.0138566 0.0890932
-0.0399030 -0.0171550 0.0924017
-0.0147742 -0.0216123 0.0887584
-0.0068512 -0.0240987 0.0717831
-0.0721051 -0.0085184 0.0781933
-0.0182209 -0.0030647 0.0849791
-0.0231392 -0.0002872 0.0947836
-0.0188915 -0.0001358 0.0812695
-0.0197643 -0.0220635 0.0955764
-0.0233226 -0.0343872 0.0968522
-0.0179054 -0.0305401 0.0944445
-0.0188211 -0.0170831 0.0969435
-0.0270545 -0.0277580 0.0940199
-0.0076265 -0.0254680 0.0714111
-0.0187726 -0.0222783 0.0938009
-0.0272825 -0.0143622 0.1068780
-0.0243150 -0.0286543 0.0852009
-0.0181144 -0.0168269 0.0961818
-0.0074328 -0.0213513 0.0764810
-0.0415702 -0.0188597 0.0794252
-0.0327524 -0.0171364 0.0684559
-0.0368518 -0.0215378 0.0792483
-0.0488365 -0.0202676 0.0834494
-0.0449063 -0.0204325 0.0849889
-0.0321628 -0.0141340 0.0675956
-0.0505709 -0.0122924 0.0875828
-0.0184116 -0.0110678 0.1151403
-0.0391264 -0.0287260 0.0885205
-0.0259874 -0.0188921 0.0951011
-0.0109894 -0.0261127 0.0743178
-0.0365486 -0.0265610 0.0819373
-0.0333490 -0.0300326 0.0899385
-0.0109279 -0.0018665 0.0943497
-0.0433773 0.0034625 0.1519016
-0.0173712 -0.0148915 0.0875802
-0.0279626 -0.0150520 0.0575932
-0.0323811 -0.0184225 0.0626412
-0.0553477 -0.0175511 0.0761715
-0.0736336 -0.0059796 0.0764947
-0.0243912 -0.0277682 0.0857401
-0.0306159 -0.0154936 0.0600858
-0.1548995 0.1820532 0.2703751
-0.0668823 -0.0123305 0.0745711
-0.0629800 -0.0121759 0.0722784
-0.0397951 -0.0222499 0.0835399
-0.0240668 -0.0285130 0.0848412
-0.0445316 -0.0183808 0.0874048
-0.0136764 0.0049248 0.1756589
-0.0158200 0.0045123 0.0975920
-0.0346127 -0.0071135 0.1263476
-0.0532434 -0.0134632 0.0883765
-0.0184031 -0.0176483 0.0926237
-0.0255627 -0.0184329 0.0836989
-0.0175272 -0.0140719 0.0737525
-0.0559211 -0.0165742 0.0790697
-0.0688109 -0.0037938 0.0687934
-0.0549532 -0.0189540 0.0749603
-0.0361945 -0.0094056 0.0487103
-0.0330274 -0.0104279 0.0466755
-0.0358690 -0.0075721 0.0494496
-0.0569718 -0.0121289 0.0599169
-0.0356887 -0.0262698 0.0831071
-0.0173288 -0.0100965 0.0480608
-0.0564768 -0.0165608 0.0678136
-0.0210712 -0.0109443 0.0485242
-0.0184608 -0.0098570 0.0510153
-0.0182524 -0.0156495 0.0807302
-0.0190417 -0.0113470 0.0728469
-0.0264309 0.0060298 0.0799784
-0.0064851 -0.0056412 0.1440876
-0.0105100 -0.0262419 0.0749900
-0.0165824 -0.0251601 0.0768506
-0.0166076 -0.0227169 0.0914818
-0.0115062 -0.0266776 0.0765187
-0.0266592 -0.0274276 0.0930441
-0.0073332 -0.0255669 0.0723105
-0.0630370 -0.0112100 0.0686380
-0.0090619 -0.0225218 0.0786745
-0.0071094 -0.0070152 0.1320131
-0.0369211 -0.0183293 0.0899265
-0.0157117 0.0034704 0.0901774
-0.0158031 -0.0020694 0.0829424
-0.0145370 -0.0012327 0.0795233
-0.0621624 0.0568041 0.1842522
-0.0106539 -0.0236847 0.0685673
-0.0146014 -0.0122056 0.0938601
-0.0512025 -0.0196193 0.0745866
-0.0164040 -0.0107763 0.0780880
-0.0447670 -0.0227050 0.0791319
-0.0090836 -0.0221443 0.0769961
-0.0071038 -0.0212201 0.0779637
-0.0102625 -0.0258483 0.0750796
-0.0040553 -0.0195063 0.0665871
-0.0080837 -0.0226607 0.0768424
-0.0845558 0.0002726 0.0831866
-0.0874687 0.0025636 0.0848635
-0.0110071 -0.0209405 0.0860583
-0.0235398 -0.0132377 0.0858833
-0.0104598 0.0180525 0.1121423
-0.0180833 0.0175809 0.1590403
-0.0190599 0.0137483 0.1598320
-0.0608149 -0.0133270 0.0894296
-0.0702487 -0.0100188 0.0748096
-0.0715354 -0.0093596 0.0785718
-0.0223533 -0.0117734 0.0953694
-0.0668304 -0.0121432 0.0795628
-0.0258878 -0.0185309 0.0845270
-0.0606470 -0.0132337 0.1019114
-0.0357609 -0.0084851 0.0483902
-0.0361382 -0.0095196 0.0482962
-0.0192371 -0.0291012 0.0823794
-0.0410479 -0.0378998 0.0840019
-0.0508002 -0.0138238 0.0856083
-0.0203591 -0.0191142 0.0848710
-0.0145681 -0.0039910 0.0908931
-0.0141326 -0.0015094 0.0946904
-0.0129928 -0.0043773 0.1009037
-0.0220005 -0.0029542 0.0702694
-0.0318444 0.0176747 0.1024081
-0.0621724 -0.0339811 0.0899798
-0.0148603 -0.0219451 0.0903585
-0.0553195 -0.0180224 0.0799281
-0.0564916 -0.0179084 0.0775442
-0.0525632 -0.0190882 0.0764105
-0.0415542 -0.0185926 0.0791703
-0.0429193 -0.0128205 0.0857709
-0.0758795 -0.0068118 0.0785095
-0.0540649 -0.0185533 0.0743763
-0.0329953 -0.0049555 0.1108212
-0.0425290 -0.0122891 0.0694850
-0.0108000 0.0054055 0.0899225
-0.0322701 -0.0031128 0.1091218
-0.0222371 -0.0018297 0.0730332
-0.0067706 -0.0208153 0.0775515
-0.0435685 -0.0211573 0.0827595
-0.0387187 -0.0276014 0.0866056
-0.0452111 -0.0126660 0.0840109
-0.0451936 -0.0230820 0.0797858
-0.0655633 -0.0088157 0.0705975
-0.0447341 -0.0245676 0.0785647
-0.0453028 -0.0181096 0.0627093
-0.0456388 -0.0231256 0.0797410
-0.0172786 -0.0290857 0.0838040
-0.0147460 -0.0214624 0.0880003
-0.0096999 0.0002316 0.0987045
-0.0064800 -0.0193029 0.0762192
-0.0274658 -0.0156281 0.0757982
-0.0169468 -0.0127029 0.1448764
-0.0311868 -0.0234963 0.0940272
-0.0236186 0.0006400 0.0688276
-0.0638565 -0.0112770 0.0692145
-0.0638865 -0.0138577 0.0885107
-0.0592475 -0.0144837 0.0683720
-0.0241679 -0.0288512 0.0857319
-0.0336936 -0.0280855 0.0850924
-0.0161012 0.0038008 0.0983663
-0.0179424 -0.0084698 0.0514438
-0.0339256 0.0156035 0.0913524
-0.0204159 -0.0121151 0.0946390
-0.0737232 -0.0089578 0.0794734
-0.0520145 -0.0190893 0.0744217
-0.0103218 -0.0254160 0.0793888
-0.0200020 -0.0182645 0.1130333
-0.0681050 -0.0099825 0.0737234
-0.0136536 -0.0003489 0.0972247
-0.0298465 -0.0252687 0.0961995
-0.0206769 -0.0031671 0.0610428
-0.0156481 -0.0113019 0.0730601
-0.0534581 -0.0068295 0.0564304
-0.0407177 -0.0194136 0.0835828
-0.0360441 -0.0079681 0.0479489
-0.0348317 -0.0099047 0.0477999
-0.0350234 -0.0117227 0.0449403
-0.0098073 -0.0006696 0.0966546
-0.0848435 0.0003683 0.0830620
-0.0376072 -0.0167026 0.0764580
-0.0165297 -0.0174466 0.0710335
-0.0570030 -0.0160151 0.0681198
-0.0275225 -0.0096332 0.1064457
-0.0670819 -0.0120515 0.0797101
-0.0173409 -0.0028777 0.1050293
-0.0557377 -0.0221417 0.0784874
-0.0707251 -0.0116971 0.0780392
-0.0525727 -0.0142667 0.0762730
-0.0422211 0.0221232 0.0922173
-0.0330243 0.0142282 0.0889266
-0.0685900 -0.0135483 0.0965475
-0.0592214 -0.0145303 0.0684114
-0.0509893 -0.0131710 0.0921825
-0.0169834 -0.0187374 0.0764550
-0.0546604 -0.0170714 0.0674744
-0.0172662 -0.0076581 0.0812469
-0.0167200 -0.0115135 0.0893951
-0.0663009 -0.0050036 0.0703917
-0.0724450 -0.0403675 0.1005905
-0.0157496 -0.0059913 0.0772590
-0.0318412 0.0119717 0.0897441
-0.0770138 -0.0060674 0.0795123
-0.0173151 -0.0305765 0.0908449
-0.0196148 0.0005768 0.1113754
-0.0206759 -0.0441780 0.1226403
-0.0187978 -0.0127672 0.0856294
-0.0186379 -0.0125829 0.1570926
-0.0171316 -0.0120132 0.0971793
-0.0168450 -0.0183739 0.0766601
-0.0278934 -0.0167516 0.0804074
-0.0267142 -0.0189161 0.0990000
-0.0171566 -0.0202951 0.0835711
-0.0152727 0.0018514 0.0845433
-0.0397339 -0.0183112 0.0873881
-0.0420657 -0.0175249 0.0876303
-0.0380496 -0.0177003 0.0770114
-0.0099302 0.0054083 0.0962346
-0.0117703 0.0080404 0.0828981
-0.0079877 -0.0227799 0.0766075
-0.0375961 -0.0171961 0.0988299
-0.0692956 -0.0083458 0.0723139
-0.0308923 -0.0065856 0.1059504
-0.0174350 -0.0023381 0.0999829
-0.0145075 -0.0044431 0.0910668
-0.0511105 -0.0199037 0.0743385
-0.0148101 -0.0280420 0.0802145
-0.0072896 -0.0210098 0.0769855
-0.0144354 -0.0204147 0.0907474
-0.0385400 -0.0172464 0.0840184
-0.0162963 0.0060217 0.0947922
-0.0379343 -0.0226369 0.0795060
-0.0397520 -0.0181480 0.0871631
-0.0707152 -0.0076226 0.0744241
-0.0090479 0.0136314 0.1092601
-0.0883455 0.0007593 0.0873276
-0.0401627 -0.0223525 0.0843298
-0.0516226 -0.0093460 0.0633019
-0.0044014 -0.0180759 0.0755810
-0.0431978 -0.0232306 0.0883228
-0.0325615 -0.0177489 0.0913009
-0.0546774 -0.0177044 0.0764322
-0.0842377 -0.0011990 0.0801901
-0.0232262 -0.0182736 0.0615178
-0.0408920 -0.0183105 0.0776800
-0.0323250 -0.0176050 0.0669495
-0.0318964 -0.0075305 0.1138494
-0.0337030 -0.0167089 0.0905101
-0.0174186 0.0040321 0.1041180
-0.0147345 -0.0030523 0.0926179
-0.0189845 -0.0157105 0.0873126
-0.0706910 -0.0076200 0.0743122
-0.0275672 -0.0095768 0.1025594
-0.0144934 0.0137191 0.0952062
-0.0447315 -0.0186468 0.0881229
-0.0427208 -0.0297206 0.0917189
-0.0125276 -0.0273111 0.0787807
-0.0061265 -0.0207526 0.0796545
-0.0175093 -0.0070091 0.0646244
-0.0533947 -0.0204521 0.0764040
-0.0639211 -0.0387449 0.0778046
-0.0603056 -0.0350469 0.0723398
-0.0325836 0.0146932 0.1248415
-0.0073866 -0.0205012 0.0571402
-0.0112402 -0.0089129 0.1091991
-0.0518845 -0.0175017 0.0766608
-0.0119507 0.0040890 0.0803067
-0.0105864 0.0025626 0.0870427
-0.1157181 -0.0368957 0.1938190
-0.0107916 -0.0020104 0.0917303
-0.0305920 0.0082040 0.1123806
-0.0113286 -0.0091685 0.0956426
-0.0485075 -0.0426398 0.1251419
-0.0705215 -0.0590494 0.1684749
-0.0427262 -0.0191301 0.1016158
-0.0110422 0.0062668 0.0918732
-0.0129124 0.0103380 0.0933722
-0.0081098 -0.0240963 0.0739141
-0.0102718 -0.0254712 0.0746650
-0.0096746 -0.0256227 0.0728334
-0.0079612 -0.0227625 0.0767663
-0.0197847 -0.0298616 0.0841793
-0.0060314 -0.0229855 0.0645728
-0.0053281 -0.0223371 0.0720694
-0.0471009 -0.0208678 0.0787938
-0.0192191 -0.0119397 0.1084418
-0.0315141 -0.0263217 0.1117027
-0.0336842 -0.0215971 0.1027619
-0.0618657 -0.0046288 0.0688265
-0.0502744 -0.0215010 0.0821328
-0.0168025 -0.0103945 0.0476959
-0.0372117 -0.0093150 0.0489783
-0.0354622 -0.0081659 0.0505469
-0.0356533 -0.0062763 0.0504419
-0.0226144 -0.0224504 0.0747344
-0.0497502 -0.0150990 0.0738622
-0.0310667 -0.0154052 0.0774353
-0.0319828 -0.0151238 0.0773645
-0.0526506 -0.0185058 0.0756195
-0.0320792 -0.0151231 0.0778495
-0.0307362 -0.0186179 0.0668733
-0.0644067 -0.0349434 0.0830539
-0.0316064 -0.0348001 0.0999125
-0.0538904 -0.0131458 0.0778516
-0.0574740 -0.0136153 0.0791897
-0.0367945 -0.0099479 0.0567813
-0.0364712 -0.0101546 0.0563227
-0.0406268 -0.0095858 0.0588141
-0.0422545 -0.0254682 0.0807175
-0.0225486 0.0045915 0.0812102
-0.0425263 -0.0257589 0.0812875
-0.0350996 -0.0087884 0.0469202
-0.0183024 -0.0174402 0.0745317
-0.0407205 -0.0090320 0.0499752
-0.0352753 -0.0101577 0.0470061
-0.0363353 -0.0097254 0.0480038
-0.0379954 -0.0082763 0.0498052
-0.0170885 -0.0105743 0.0512089
-0.0585784 -0.0052085 0.0638812
-0.0112603 -0.0114535 0.1421368
-0.0441526 -0.0120359 0.0780545
-0.0105947 -0.0230374 0.0728070
-0.0261071 -0.0303510 0.0902760
-0.0263461 -0.0359403 0.1028833
-0.0171982 -0.0301240 0.0872763
-0.0291119 -0.0066062 0.0976075
-0.0159574 0.0041448 0.0966077
-0.0149007 -0.0043177 0.0948355
-0.0168742 -0.0045623 0.0932292
-0.0464099 -0.0195216 0.0718673
-0.0047253 -0.0183340 0.0750407
-0.0216359 0.0199186 0.1889295
-0.0289193 -0.0213372 0.0857727
-0.0645118 -0.0093307 0.0707998
-0.0366740 -0.0088984 0.0465778
-0.0231380 -0.0288967 0.0875563
-0.0264486 -0.0220923 0.0843232
-0.0059891 -0.0227421 0.0706759
-0.0271739 -0.0189907 0.1007519
-0.0181098 -0.0165652 0.0903682
-0.0069509 -0.0234545 0.0708381
-0.0451079 -0.0126072 0.0836237
-0.0566958 -0.0146709 0.0806616
-0.0792397 -0.0005409 0.0823764
-0.0524704 -0.0189009 0.0765946
-0.0228954 -0.0113388 0.0923015
-0.0310054 -0.0184257 0.0660832
-0.0175799 0.0019989 0.1007022
-0.0263620 -0.0315317 0.0958489
-0.0154025 -0.0111162 0.0938322
-0.0300163 -0.0254178 0.1070203
-0.0303697 0.0140587 0.1193883
-0.0211744 -0.0117846 0.0935652
-0.0595732 -0.0135840 0.0680052
-0.0293895 0.0127685 0.0962254
-0.0506560 -0.0198581 0.0739860
-0.0639157 -0.0123095 0.0728977
-0.0290092 0.0107018 0.0898366
-0.0173940 -0.0159533 0.0972835
-0.0071553 -0.0218609 0.0789524
-0.0252267 -0.0263284 0.0864388
-0.0247480 -0.0260390 0.0827692
-0.0191913 -0.0293804 0.0835618
-0.0123523 -0.0195752 0.0879360
-0.0772166 0.0639767 0.1835721
-0.0399467 0.0133583 0.1462105
-0.0103525 -0.0252637 0.0792009
-0.0120182 -0.0006859 0.0958953
-0.0141661 -0.0039078 0.0929438
-0.0256147 -0.0215664 0.0774173
-0.0284388 -0.0226257 0.0904220
-0.0345558 -0.0217790 0.1043800
-0.0184645 -0.0119675 0.1211186
-0.0192340 -0.0005679 0.1077471
-0.0270850 0.0082239 0.1038816
-0.0562467 -0.0233786 0.0711753
-0.0476088 -0.0130238 0.0699954
-0.0231664 -0.0157150 0.0784340
-0.0038018 -0.0198114 0.0674844
-0.0043778 -0.0182821 0.0765482
-0.0046030 -0.0180073 0.0750577
-0.0128148 -0.0198724 0.0897531
-0.0110250 -0.0208189 0.0853939
-0.0066523 -0.0235378 0.0713549
-0.0472261 0.0553702 0.2095087
-0.0102832 -0.0262649 0.0748237
-0.0106800 0.0070930 0.0928724
-0.0651147 -0.0221538 0.1157672
-0.0382587 -0.0293083 0.0888277
-0.0155280 -0.0170455 0.0709023
-0.0891443 0.0009343 0.0878254
-0.0564017 -0.0259748 0.0819727
-0.0422863 -0.0114961 0.0622854
-0.0366204 -0.0169842 0.0726109
-0.0371744 -0.0179358 0.0673992
-0.0436525 -0.0270033 0.0563435
-0.0488713 -0.0113566 0.0652279
-0.0667846 -0.0032804 0.0649237
-0.0559505 -0.0123753 0.0708205
-0.0652369 -0.0115577 0.0751505
-0.0650875 -0.0120824 0.0737408
-0.0351629 -0.0071162 0.0498911
-0.0362175 -0.0072377 0.0495776
-0.0513831 -0.0147858 0.0718083
-0.0625269 -0.0336538 0.0802868
-0.0676191 -0.0086246 0.0563995
-0.0741728 -0.0184006 0.0507476
-0.0608536 -0.0337124 0.0791110
-0.0494216 -0.0218457 0.0813659
-0.0815185 -0.0509821 0.1435599
-0.0585964 -0.0244027 0.0828054
-0.0359994 -0.0101695 0.0560640
-0.0328504 -0.0163662 0.0657701
-0.0318602 -0.0154535 0.0652188
-0.0323835 -0.0303387 0.0903195
-0.0632392 -0.0342523 0.0824213
-0.0488638 -0.0136505 0.0704152
-0.0528341 -0.0374771 0.1013905
-0.0326860 -0.0175477 0.0685309
-0.0180046 -0.0094080 0.0490207
-0.0176359 -0.0083146 0.0492349
-0.0346134 -0.0116684 0.0448965
-0.0362879 -0.0090852 0.0485044
-0.0352708 -0.0086414 0.0489613
-0.0370269 -0.0077444 0.0480924
-0.0331698 -0.0071695 0.0494691
-0.0292162 -0.0162475 0.0565061
-0.0316179 -0.0179991 0.0584808
-0.0357389 -0.0088425 0.0470825
-0.0550254 -0.0247507 0.0812277
-0.0363642 -0.0208711 0.0708243
-0.0630806 -0.0101261 0.0540387
-0.0643111 -0.0076990 0.0540009
-0.0371626 -0.0077326 0.0518989
-0.0609966 -0.0046196 0.0617689
-0.0323309 -0.0209032 0.0710171
-0.0387159 -0.0210938 0.0687367
-0.0192579 -0.0218392 0.0689014
-0.0352812 -0.0248013 0.0796015
-0.0226391 -0.0240506 0.0757660
-0.0461284 -0.0239493 0.0708824
-0.0587621 -0.0311996 0.0773021
-0.0491410 -0.0264211 0.0693431
-0.0492791 -0.0234247 0.0745871
-0.0352183 -0.0170967 0.0781987
-0.0377645 -0.0202310 0.0792723
-0.0634929 -0.0468885 0.1381283
-0.0401766 -0.0182094 0.0764293
-0.0337799 -0.0154940 0.0682014
-0.0183006 -0.0150617 0.0782707
-0.0535654 -0.0205272 0.0688277
-0.0514204 -0.0251393 0.0760662
-0.0479060 -0.0250909 0.0787570
-0.0307483 -0.0257437 0.0944819
-0.0517419 -0.0269405 0.0832616
-0.0437517 -0.0248852 0.0795886
-0.0460964 -0.0411205 0.0944367
-0.0576339 -0.0197017 0.0708331
-0.0444016 -0.0115473 0.0637543
-0.0357574 -0.0061443 0.0505029
-0.0353507 -0.0089695 0.0489785
-0.0167083 -0.0104676 0.0486200
-0.0167709 -0.0102994 0.0501883
-0.0166905 -0.0104651 0.0485418
-0.0367129 -0.0084967 0.0484576
-0.0383435 -0.0097436 0.0486328
-0.0347978 -0.0276817 0.0705650
-0.0419075 -0.0225560 0.0745870
-0.0490244 -0.0088024 0.0621197
-0.0522441 -0.0191466 0.0745403
-0.0673890 -0.0120151 0.0789355
-0.0431484 -0.0241704 0.0689784
-0.0560673 -0.0246166 0.0713205
-0.0196032 -0.0278060 0.0819756
-0.0674394 -0.0330644 0.0921589
-0.0535557 -0.0179314 0.0736106
-0.0488516 -0.0217441 0.0807495
-0.0533307 -0.0151143 0.0734519
-0.0521088 -0.0219987 0.0770851
-0.0365836 -0.0161855 0.0742798
-0.0609856 -0.0303874 0.0854700
-0.0377869 -0.0084303 0.0509614
-0.0425786 -0.0118957 0.0541693
-0.0351788 -0.0074774 0.0492723
-0.0351615 -0.0091654 0.0484643
-0.0462268 -0.0257451 0.0634655
-0.0563078 -0.0142799 0.0665383
-0.0355619 -0.0072057 0.0508098
-0.0359146 -0.0061485 0.0505208
-0.0266486 -0.0113077 0.0509976
-0.0383728 -0.0093396 0.0570935
-0.0668236 -0.0355413 0.0832176
-0.0575598 -0.0154065 0.0763573
-0.0640078 -0.0199907 0.0820115
-0.0294825 -0.0297680 0.0892907
-0.0488241 -0.0166166 0.0734075
-0.0649337 -0.0315731 0.0791285
-0.0357887 -0.0079132 0.0501556
-0.0344813 -0.0090785 0.0490607
-0.0408637 0.0211852 0.0903618
-0.0341617 -0.0179692 0.0899268
-0.0341402 -0.0178210 0.0896774
-0.0181103 -0.0093606 0.0492443
-0.0408860 -0.0085405 0.0509429
-0.0585440 -0.0199737 0.0713575
-0.0491878 -0.0200579 0.0656834
-0.0526623 -0.0069222 0.0565275
-0.0445510 -0.0233699 0.0800976
-0.0593378 -0.0222678 0.0732122
-0.0338120 -0.0206409 0.0675790
-0.0340481 -0.0198965 0.0578903
-0.0167478 -0.0104058 0.0475280
-0.0356946 -0.0085131 0.0501161
-0.0344582 -0.0078692 0.0495559
-0.0349506 -0.0101544 0.0458377
-0.0349918 -0.0097023 0.0464857
-0.0343525 -0.0066457 0.0500141
-0.0401106 -0.0207588 0.1081031
-0.0526264 -0.0259567 0.1410090
-0.0554678 -0.0222357 0.0774146
-0.0176785 -0.0100395 0.0489909
-0.0439753 -0.0183691 0.0766808
-0.0436195 -0.0253570 0.0888846
-0.0481587 -0.0185630 0.0699345
-0.0329997 -0.0069802 0.0492338
-0.0337500 -0.0071132 0.0492126
-0.0489177 -0.0229707 0.0677639
-0.0482590 -0.0236769 0.0724385
-0.0206248 -0.0134810 0.0519242
-0.0364718 -0.0084973 0.0504424
-0.0378307 -0.0086061 0.0502742
-0.0387686 -0.0086204 0.0503892
-0.0352946 -0.0077930 0.0485555
-0.0375811 -0.0074744 0.0492144
-0.0356134 -0.0084448 0.0500041
-0.0653827 -0.0356479 0.0840002
-0.0701395 -0.0340206 0.0851494
-0.0302408 -0.0288395 0.0869779
-0.0516617 -0.0223838 0.0690765
-0.0923928 0.0040646 0.0876986
-0.0362070 -0.0077144 0.0502281
-0.1377957 0.0571800 0.0955083
-0.0367280 -0.0101756 0.0564485
-0.0415578 -0.0126227 0.0785910
-0.0469955 -0.0098775 0.0615021
-0.0405176 -0.0092680 0.0564282
-0.0473708 -0.0087141 0.0624205
-0.0447918 -0.0071491 0.0609476
-0.0445388 -0.0065125 0.0611286
-0.0380258 -0.0167849 0.0718624
-0.0422389 -0.0177453 0.0666330
-0.0403936 -0.0181096 0.0773981
-0.0315171 -0.0256009 0.0804512
-0.0442784 -0.0133006 0.0831098
-0.0411451 -0.0203279 0.0801244
-0.0562823 -0.0178659 0.0771835
-0.0563332 -0.0182237 0.0760839
-0.0665443 -0.0074724 0.0553203
-0.0470670 -0.0426864 0.0967737
-0.0346243 -0.0239619 0.0773771
-0.0309484 -0.0144576 0.0671930
-0.0637049 -0.0086560 0.0694958
-0.0301145 -0.0171776 0.0634177
-0.0336628 -0.0231371 0.0756121
-0.0539412 -0.0212196 0.0689754
-0.0576960 -0.0433531 0.1117456
-0.0427035 -0.0092138 0.0597884
-0.0700638 -0.0064962 0.0747035
-0.0340529 -0.0103566 0.0445953
-0.0206366 -0.0219442 0.0731347
-0.0584855 -0.0088299 0.0666682
-0.0363361 -0.0101615 0.0562356
-0.0432365 -0.0123297 0.0596020
-0.0363680 -0.0099250 0.0565743
-0.0364357 -0.0099728 0.0566086
-0.0523415 -0.0159259 0.0753669
-0.0366770 -0.0281987 0.0862688
-0.0194355 -0.0087141 0.0523560
-0.0373193 -0.0080222 0.0500865
-0.0356086 -0.0184639 0.0577140
-0.0451625 -0.0134638 0.0911019
-0.0524578 -0.0112330 0.0629786
-0.0403333 -0.0128969 0.0810399
-0.0346461 -0.0081290 0.0493894
-0.0359086 -0.0072465 0.0495009
-0.0362015 -0.0071243 0.0511266
-0.0683657 -0.0111446 0.0821650
-0.0649247 -0.0262928 0.0777751
-0.0755631 -0.0042035 0.0755778
-0.0740774 -0.0044715 0.0749045
-0.0728515 -0.0005726 0.0666132
-0.0488268 -0.0183668 0.0759503
-0.0361860 -0.0349823 0.1302953
-0.0292082 -0.0442334 0.1274896
-0.0475152 -0.0219498 0.0831019
-0.0774452 -0.0066475 0.0863531
-0.0363975 -0.0080614 0.0496575
-0.0345188 -0.0094251 0.0473307
-0.0346168 -0.0082586 0.0474698
-0.0333127 -0.0072151 0.0491881
-0.0361414 -0.0210438 0.0687022
-0.0209285 -0.0139931 0.0524463
-0.0225416 -0.0148337 0.0550788
-0.0165030 -0.0087646 0.0501074
-0.0364453 -0.0083969 0.0493268
-0.0365136 -0.0140762 0.0678129
-0.0324227 -0.0352937 0.1007396
-0.0610799 -0.0238862 0.0824105
-0.0551299 -0.0118888 0.0674756
-0.0174851 -0.0102968 0.0500375
-0.0568798 -0.0185238 0.0761329
-0.0560678 -0.0296465 0.1106363
-0.0793582 -0.0018702 0.0779608
-0.0371567 -0.0088280 0.0486493
-0.0337262 -0.0076816 0.0510280
-0.0471041 -0.0065799 0.0628379
-0.0481487 -0.0094721 0.0626162
-0.0474115 -0.0099229 0.0618111
-0.0316139 -0.0171829 0.0548875
-0.0456518 -0.0201986 0.0645555
-0.0576943 -0.0158599 0.0683635
-0.0363776 -0.0079902 0.0478954
-0.0668402 -0.0325831 0.0910220
-0.0381677 -0.0091620 0.0575650
-0.0379311 -0.0271287 0.0863436
-0.0163465 -0.0015370 0.0727115
-0.0443001 -0.0238855 0.0909755
-0.0429943 -0.0165849 0.1063737
-0.0311397 -0.0154393 0.0775272
-0.0408027 -0.0187360 0.0712773
-0.0318270 -0.0163832 0.0662361
-0.0341912 -0.0183823 0.0567142
-0.0544331 -0.0323536 0.1100329
-0.0316822 -0.0298295 0.0893802
-0.0650915 -0.0360885 0.0784412
-0.0429205 -0.0246401 0.0776336
-0.0461321 -0.0223053 0.0667661
-0.0338777 -0.0341239 0.0984810
-0.0278034 -0.0160162 0.0779347
-0.0659388 -0.0063356 0.0664102
-0.0586934 -0.0079664 0.0643012
-0.0644622 -0.0040633 0.0629748
-0.0347389 -0.0063822 0.0500849
-0.0353262 -0.0090277 0.0482232
-0.0542747 -0.0258462 0.0781417
-0.0169055 -0.0204390 0.0653758
-0.0479578 -0.0236472 0.0661365
-0.0169878 -0.0208795 0.0663754
-0.0842194 -0.0045750 0.0898137
-0.0482898 -0.0301699 0.0882411
-0.0472610 -0.0312990 0.0908091
-0.0189356 -0.0203926 0.0653706
-0.0148466 -0.0186331 0.0624501
-0.0631088 -0.0239709 0.0756613
-0.0839268 -0.0338957 0.0900376
-0.0298077 -0.0166351 0.0789625
-0.0167043 -0.0104743 0.0484315
-0.0359001 -0.0074213 0.0494669
-0.0356541 -0.0077016 0.0499665
-0.0363489 -0.0094510 0.0483555
-0.0631006 -0.0286212 0.0778337
-0.0421200 -0.0290109 0.0710791
-0.0486016 -0.0267444 0.0681916
-0.0522291 -0.0251619 0.0776867
-0.0499669 -0.0245332 0.0685823
-0.0586490 -0.0247037 0.0737604
-0.0688385 -0.0110994 0.0826666
-0.0486980 -0.0236457 0.0742324
-0.0258614 -0.0022048 0.0858160
-0.0527889 -0.0279017 0.0713444
-0.0505244 -0.0235651 0.0679764
-0.0679837 -0.0084038 0.0718763
-0.0588396 -0.0169258 0.0841259
-0.0423458 -0.0264289 0.0816819
-0.0361813 -0.0077799 0.0513860
-0.0504619 -0.0215509 0.0668213
-0.0483890 -0.0238188 0.0660158
-0.0645647 -0.0276181 0.0780421
-0.0239249 -0.0217189 0.0777985
-0.0559611 -0.0218527 0.0709617
-0.0177313 -0.0064466 0.0692997
-0.0359647 -0.0093254 0.0485746
-0.0344259 -0.0102705 0.0468905
-0.0869899 -0.0067688 0.0836838
-0.0448114 -0.0235721 0.0745926
-0.0368588 -0.0260654 0.0830700
-0.0593060 -0.0165513 0.0791854
-0.0451717 -0.0231665 0.0801649
-0.0446771 -0.0213094 0.0638971
-0.0578467 -0.0138785 0.0793396
-0.0361362 -0.0159046 0.0731180
-0.0454567 -0.0189352 0.0788761
-0.0737717 -0.0058736 0.0770136
-0.0394142 -0.0158310 0.0924751
-0.0883618 0.0010652 0.0861761
-0.0355222 -0.0117101 0.0450124
-0.0317458 -0.0254976 0.0804653
-0.0552014 -0.0256712 0.0733522
-0.0458123 -0.0404374 0.0937820
-0.0445060 -0.0253665 0.0804539
-0.0660958 -0.0062964 0.0665711
-0.0629093 -0.0037208 0.0623850
-0.0639497 -0.0034806 0.0627507
-0.0347236 -0.0154587 0.0703223
-0.0321221 -0.0165969 0.0668725
-0.0331881 -0.0182356 0.0687356
-0.0400923 -0.0125411 0.0807917
-0.0534273 -0.0204800 0.0744199
-0.0342973 -0.0306514 0.0927908
-0.0328090 -0.0160575 0.0738299
-0.0556976 -0.0265604 0.0794489
-0.0256518 -0.0130331 0.0626500
-0.0204196 -0.0172514 0.0616415
-0.0176304 -0.0084826 0.0491690
-0.0355922 -0.0112968 0.0457271
-0.0344198 -0.0108637 0.0448467
-0.0309899 -0.0276014 0.0847328
-0.0357708 -0.0098050 0.0479192
-0.0343588 -0.0112239 0.0454953
-0.0266762 -0.0094187 0.0456286
-0.0351616 -0.0091253 0.0472958
-0.0645299 -0.0058120 0.0536103
-0.0655359 -0.0090114 0.0524202
-0.0645558 -0.0089457 0.0520375
-0.0606481 -0.0246369 0.0736450
-0.0326430 -0.0105076 0.0438688
-0.0360473 -0.0087514 0.0497324
-0.0362719 -0.0095502 0.0509356
-0.0314907 -0.0166593 0.0646800
-0.0624982 -0.0295360 0.0774584
-0.0746860 -0.0417078 0.1042792
-0.0430955 -0.0122978 0.0797210
-0.0359629 -0.0081273 0.0477722
-0.0173428 -0.0087601 0.0483681
-0.0671222 -0.0116097 0.0767939
-0.0447821 -0.0094780 0.0607059
-0.0525156 -0.0166447 0.0665816
-0.0451138 -0.0115696 0.0621163
-0.0535221 -0.0131870 0.0649150
-0.0683501 -0.0083597 0.0567111
-0.0435979 -0.0240046 0.0756810
-0.0498332 -0.0306077 0.0885831
-0.0369998 -0.0214590 0.0720445
